40000
37500
160000
32000
50000
42000
72500
53500
24500
11000
48000
63500
41500
34500
473000
139500
46500
40000
21000
31500
338000
110000
50000
39500
97500
76500
30000
181500
144000
148500
405000
11000
108000
28500
18000
33500
14000
71500
144000
133000
31500
74500
74500
235500
318000
134000
497000
29000
34500
100500
397500
45000
349000
19500
17000
25000
19000
147500
29000
11000
42000
236000
97500
37500
276000
52500
172000
21500
50000
200000
22500
97000
15000
14500
356000
90000
43500
49000
34000
22500
374500
43000
464500
39500
39500
49500
131500
47000
112500
39500
17000
80500
49000
118500
53000
99500
30500
101500
41500
30000
33000
22500
41500
13000
44000
63500
114500
28500
12000
52500
421000
14000
15500
38500
99500
49000
126000
47500
39500
363500
62000
80000
90500
64500
30000
95500
41000
106000
48500
204000
25500
40000
74000
31500
20500
41500
23000
45000
32000
12000
29000
12500
146000
186000
47000
15500
39000
29500
21000
46500
32000
23000
57000
39000
118500
43500
22500
18500
94500
47000
358000
25000
182500
37500
47500
22500
48000
21500
122000
22000
49500
46000
14500
66500
13500
126000
26500
148000
401000
126000
317500
110000
10500
11500
16500
389500
98500
88000
49000
17000
83500
56000
22000
46000
11500
48000
10000
63000
28000
22000
16000
118000
120500
38500
37500
333500
15500
58000
40000
29000
115500
107000
43000
109500
82000
32000
331000
30000
36000
44500
40000
29000
30000
15000
15500
15500
54500
59500
35000
227000
18000
26000
48000
23500
10000
21500
87000
59500
47500
323500
27000
127500
27500
35000
12000
16000
33000
81500
44000
28500
38500
40500
100500
93000
201500
42500
99000
48000
16500
17500
31500
238000
46000
10000
109500
125500
28500
26500
40500
28000
34000
95000
99500
206500
40000
64000
40000
206500
74000
58500
34000
47000
116000
31000
44000
47500
10000
24000
38500
37500
13000
26000
47000
54500
26000
17000
28500
130500
195500
17000
29500
84500
44500
35000
12500
24000
17500
47500
46000
10500
21500
13000
15500
12500
25500
48500
22000
45000
97000
18000
130000
46000
254000
43500
109500
14000
269000
27000
329000
43000
34000
199000
138000
30500
47500
29500
362000
139500
37500
102500
45500
26500
49500
134000
17000
141000
150000
34000
114500
17000
31000
32500
22000
17000
46500
27000
40500
32500
25500
24000
203500
44000
27500
128500
38000
108500
15500
32000
33000
60000
28500
101500
242500
49500
27500
38000
35500
23500
32000
123000
62500
38000
38000
13000
18500
282000
47000
72500
50000
19500
135500
75000
21500
18500
26500
14000
32500
62000
38000
33500
141500
42500
20500
129000
341500
125000
15000
272500
59500
20000
55000
28000
115000
41000
149500
144000
46000
14000
43000
49500
12000
37500
449000
37500
81500
42000
39000
25000
43000
85000
38500
48500
43000
111000
58500
108000
36000
42000
19000
27000
27500
57000
135000
112500
88500
40500
93500
123500
128500
43000
31500
47500
48500
59500
104500
10500
43500
137000
10000
88000
146000
34500
135000
34500
146000
20500
123000
37000
41000
39500
11500
28000
53000
11500
64000
25000
41000
14500
55000
23000
42000
20000
27500
81000
38000
48000
132500
21500
101500
79000
47000
22000
112500
101500
11000
42000
30500
33000
374000
20000
50000
112000
44500
22500
140500
24500
85500
63500
26000
44500
32000
61000
31000
12500
24000
109500
99500
60500
23000
299500
113500
211000
28500
65500
12500
13000
44500
324000
21500
234000
50000
50000
316000
10000
183500
268000
482000
26000
341000
478500
34000
45000
25500
111500
35500
21500
258000
99500
39000
107000
10000
143000
62000
45000
13000
31000
148500
113500
115000
41000
41500
40000
63500
47000
44000
41500
47500
461500
33500
259500
24000
27000
25000
119500
36000
39000
48000
283000
49000
114000
116500
129000
19000
89000
15000
217000
24000
30000
15500
60500
138000
44500
35000
132000
39000
488000
146000
50000
130000
451000
39500
103000
21000
35000
46000
45500
47000
37000
20000
13000
16000
19000
287500
33000
19000
13500
46500
37500
26000
33500
54500
21000
377500
40500
14000
37000
91000
48500
67500
23000
115000
91000
30000
22000
82500
280000
39000
42000
31500
24000
29500
24000
15500
45000
44000
46000
135500
14500
479500
47000
391000
21500
24000
17000
12000
53500
32000
41500
254000
36000
145500
121000
27500
57500
25500
18500
33500
15500
21500
35500
28500
41000
105000
348000
19000
16500
44000
101500
45500
68000
35000
21000
12500
97000
71000
43500
34000
33000
80500
126000
48000
31000
47000
38500
134500
12500
27500
33500
75000
38500
23000
41500
122500
43000
45000
33500
41000
107500
64000
46500
148500
42000
27500
64000
38500
13500
39000
57500
87000
33500
25500
35000
31000
122500
14500
83000
32000
294000
47500
78500
38500
33500
257000
39500
148000
29000
44500
70500
48500
49500
126500
445000
31500
18000
15000
130500
15000
11000
21000
190500
57500
95000
31500
32500
78500
15000
18500
18500
133500
49000
41500
46000
83000
26000
22500
33000
22000
99500
138500
133500
57500
34500
148500
399500
220000
43500
149500
27000
18000
41000
11000
324500
32000
50000
46500
91000
17500
71500
10500
21000
24500
14500
139000
20000
43500
147500
15000
25000
117500
26000
106500
60000
19500
88500
88000
277500
98500
448500
59500
301000
325500
35000
31000
38000
19500
21000
52500
36500
79500
80000
111000
23500
11500
26000
101500
19500
17000
22500
18500
23000
35000
453500
87000
27500
90000
21000
121000
12500
144500
27500
111500
42000
45500
415500
103000
12500
225500
130500
374000
89500
49000
37000
72500
39500
386500
34500
32000
27000
34500
25500
32000
91500
68000
27000
39000
25000
124000
39000
39500
36500
13500
301500
26000
121500
46500
19500
38500
29500
391000
30000
45000
38500
23500
113000
40500
125000
263000
45500
19500
353000
20500
58000
44500
48500
84500
11000
39500
23000
109000
17500
15000
57500
79500
110500
249500
124000
15000
33000
65000
111500
19000
37000
13500
21000
38500
20000
21000
417500
25500
60000
43000
91000
41000
119000
38000
23000
51500
34500
40000
102000
192500
22000
48500
36500
74000
32500
498000
200000
47500
25500
26500
121000
25500
41000
38500
24000
450000
28500
318500
43000
74000
48500
89500
10000
132000
35000
455500
19500
59500
24500
103000
28000
53500
32000
149500
40500
285000
17000
90000
42000
33500
47500
36000
42000
34000
23000
36000
288000
12000
49500
61000
49000
25000
18000
10000
149000
98000
42000
100000
33000
314500
39500
70000
70500
31500
123500
49500
18000
407500
105500
50000
16000
53500
10500
33000
41000
140500
30500
27000
181500
40500
250000
10500
125500
500000
12000
107000
31500
130000
40000
14000
28500
23500
135500
33500
107000
19500
27500
102500
95500
35500
241500
75000
117000
47000
289500
50000
25000
35000
18500
199500
130500
40000
13500
48500
40500
50000
140500
35500
16500
138500
45500
48500
407000
36500
234000
45000
43000
328500
14000
10500
135000
57500
44500
449500
374500
445000
273000
15000
29000
15500
46500
32500
40500
45000
10500
102500
35500
30500
22000
12000
30500
148500
46000
115000
19500
136000
83500
145000
72500
95000
45500
67000
72500
289000
196000
135500
23000
44000
429000
64500
112000
48500
336000
38500
35500
53000
54000
104500
39000
37000
38500
65500
149000
16500
44000
389500
12500
126500
59500
108000
73500
36000
57000
32000
389500
42500
21500
38000
36500
13500
21500
367500
108500
44000
37000
29500
141000
36000
41000
48000
88500
13000
32500
68000
10000
55000
22000
252500
37500
17500
38000
37000
43500
29500
30500
44500
17500
24000
97000
23000
26500
20500
21500
31000
39000
38000
46500
23500
34000
74000
43500
105500
117000
29000
36500
24500
11500
389500
34500
30500
44000
39000
15500
19000
11000
36000
19000
40500
53500
40500
49000
156500
50000
44500
32000
91000
264500
452500
228000
110000
48500
15000
37000
24000
30000
23000
43000
135000
107500
27500
48500
46500
241000
39500
105500
45000
46000
47500
29000
11000
28000
150000
13500
143000
101000
31500
30500
50500
40000
127500
136500
29500
34000
35000
15500
15500
22500
40500
150500
22500
43500
35500
26000
26500
37500
17000
46000
103500
19500
46000
31000
128000
60500
124000
44500
408500
49000
447000
32000
54500
137000
43500
15000
142500
50000
38000
34000
17500
111000
49000
131500
24000
46500
110000
10500
43000
47500
24000
21000
28000
138000
80500
12000
151000
24000
49000
48500
27000
12000
61000
36000
94000
133500
50000
124000
44500
19000
102500
48500
50000
23500
56500
42500
44000
29500
22000
138000
11000
26000
439000
22500
56500
71500
32500
420500
28000
83500
117500
143000
17500
42500
65000
20000
19500
54500
40000
38500
119000
19500
84500
90500
36000
118000
19000
58500
37000
51500
45000
39500
98000
254000
39000
16000
114000
24000
478000
40000
370000
29500
21500
40000
17500
60500
26500
10500
76500
57500
27500
23500
26500
35500
51500
75500
47500
31500
144000
66000
17000
28000
39500
46000
45000
64500
276000
73000
99500
64500
27000
52500
103000
65000
99000
44500
18000
28000
132000
10500
11000
60000
36000
40500
24000
24000
112500
15500
35500
55500
373500
34000
41500
149500
92000
29000
40500
10500
26000
45500
26000
133000
33500
42500
24500
22500
49000
26500
29000
68000
34500
60500
53500
119000
93000
33500
38000
42000
14000
66500
46500
45500
42500
412500
27000
107500
48500
102500
40000
33500
24500
46000
43000
47000
33500
43500
46500
39000
25500
121500
320000
18500
45000
63500
41000
100000
17500
316500
28500
21500
28500
44000
17500
47000
21500
28500
66000
141500
24000
121000
47000
14500
177500
27500
72000
355500
78000
136500
31000
32500
337500
11500
109500
35500
45000
89000
370500
51000
149000
43500
136000
74500
147500
15000
31500
43000
27000
50000
361000
143500
13500
127500
20000
31500
37000
102000
137000
10000
22500
21500
353000
24000
18500
46500
10500
40000
133500
44000
34500
121000
13500
48500
87500
176500
41000
14000
434500
142000
55000
37500
43000
23000
13000
11500
47000
476500
41500
119500
64000
84500
46500
19500
38000
17000
47500
27500
35000
11000
21000
73000
124500
43500
75500
133000
74000
43500
60500
16500
439500
141000
14000
83500
134000
81000
101000
48000
97000
36500
35000
439500
24000
77500
35500
60000
36500
474000
49500
11500
58000
67500
11000
47000
16500
28000
148000
31500
43000
135500
438500
23000
38000
61000
16000
107000
19500
12500
242000
32500
73500
491500
15000
25500
10000
34500
140000
23000
37000
49000
16000
42000
82500
11000
28500
340000
24500
14500
47000
47500
18000
36000
14000
23000
34500
50000
24000
32000
48500
30000
44000
98500
18500
34000
30500
25000
135500
105500
37500
143000
97500
58500
21000
43000
21500
426000
23500
53500
21500
47000
31500
42500
337500
23000
15500
314000
137500
20000
50000
35500
31000
29500
33500
20000
22500
120000
363500
58000
131500
19500
39000
26000
27500
56500
15000
389500
81500
49000
277000
24000
97500
25000
37000
23500
38500
139000
26000
38000
21500
29500
407000
16000
12000
25000
81500
43500
83500
14500
116000
33000
43500
21000
95500
47500
19500
145500
106000
69000
51000
127000
123000
19000
40500
328000
44500
144500
21000
25500
80500
39000
15500
71500
47000
24000
29500
40500
79500
112000
32500
19500
48500
104500
26500
192000
141000
427500
135500
28500
26000
169000
23000
100000
46000
133500
36000
483500
82500
187000
30000
12000
440000
11000
485000
23000
50000
141000
22000
18000
23000
30500
23000
27500
39500
52000
11000
31000
49500
125500
137500
63500
28000
35000
32500
19000
80000
323500
131000
496500
29500
36000
41500
16500
39500
14000
86000
25000
54000
46500
12500
239500
85500
73500
33500
25500
20500
35500
104500
102000
41500
33500
36500
102000
313000
118500
35000
16000
274000
55000
72000
42000
22000
483500
44000
120000
22500
27500
95000
13000
20000
59000
22000
317500
39500
34000
47000
134500
43500
146500
10500
282000
48000
10500
94000
19500
28500
147000
41500
126000
27000
30500
12000
73500
53500
36000
12500
21500
151500
19500
44000
43500
346500
31500
34500
240500
11500
44000
40500
56000
114500
69000
22500
15000
11000
120500
56500
45500
47500
30000
43500
134500
77500
18500
13000
39500
118000
38500
69000
35000
42500
132000
26000
46500
11000
20000
32500
31500
49000
54000
41500
455000
356000
25500
48000
229000
28000
27500
40000
11000
14500
47000
470000
112500
162500
91500
47000
48000
45000
42500
252500
141500
50000
14500
35500
95000
131000
47500
49500
137500
144500
27000
134500
144500
18500
67500
57000
85500
103000
29500
31000
108500
24500
54000
39500
120500
23500
85000
17500
98000
141500
34500
44000
47500
117500
38500
103500
30000
420000
34500
21000
101500
24500
45000
18000
61000
61000
38500
144000
22500
44000
79000
33000
55500
118000
81000
40000
42000
49500
18000
48000
88500
24000
12000
83500
134500
41000
232500
64500
38500
11500
134500
149500
136500
19000
142000
40000
26000
121500
37000
128000
43000
43500
48500
45500
43000
148000
35000
37500
75000
138000
12500
121000
462500
167500
48500
31000
18500
143000
47000
15500
331500
23500
320000
280000
18500
23500
119000
59000
203500
12500
102500
109500
33000
106500
185000
62500
58500
93000
20000
139500
120500
13500
66000
119500
34500
49000
74000
25500
135500
27500
126500
175500
124500
29000
351000
70000
69000
62000
94000
116500
128500
27000
16000
15500
47500
44000
47500
46000
31000
30000
44000
495500
17500
68500
10000
47000
13500
121500
21000
39000
441000
140000
139500
25000
70500
111500
33000
31500
63000
169500
10000
117000
35500
33000
29500
130500
48500
200000
86000
28000
143000
365500
119500
142000
44500
16000
59000
114500
91000
42500
22000
95500
58500
78000
121000
39000
36500
61500
22500
469000
19500
11000
11500
132000
21500
371500
129500
26500
30000
106000
128500
46500
25500
28000
50000
39500
136500
131500
42500
112500
12000
44000
39000
18000
17000
109000
40500
33000
169500
21000
38000
38500
102000
77500
13000
40000
35000
16500
112500
414000
73500
28500
45000
30500
39000
116500
46000
12500
27000
40500
15500
70500
18500
29500
176500
36500
26500
31000
22000
32500
81500
26000
39000
21500
10500
22500
36500
220500
53000
16000
209000
72000
24500
120500
29500
46000
485500
41000
204500
50000
150000
36000
39000
12000
106000
108000
84000
33000
78000
19500
96000
16500
297000
24500
108500
99500
105000
109500
42000
142000
17000
136000
40500
18000
38000
86500
28000
14500
79500
32000
25000
51500
26500
95500
52500
20500
29000
35000
20000
14500
45000
38000
18000
39500
23000
45000
99000
88000
73500
26500
50000
27500
37000
29500
47500
265500
28500
292500
51000
30000
17500
101500
49000
133500
110500
430000
23000
463000
18000
48500
72000
11500
22000
126000
45500
56000
12000
26000
40000
17500
25500
42500
28000
34000
18000
357500
137500
37000
41000
41000
28500
379500
49500
39000
19000
73000
11500
40000
28500
43500
23500
322500
37000
13000
127500
56000
40500
366500
144500
16000
81000
29500
157000
128500
38500
74500
40500
20000
44000
368500
33000
22500
126500
110500
72500
133000
30000
89000
74500
35000
21000
49000
96500
248500
421500
103500
13500
13500
47000
36500
28000
36500
39000
155000
33500
47000
14000
11000
16500
15500
36500
17500
144000
64500
98500
30000
83000
24000
26000
18500
23000
47000
28000
79500
18000
106000
18500
63500
447500
32500
32500
44500
49000
15000
21000
17000
21000
11500
17500
49000
342500
24500
174000
10500
59000
23500
149500
48000
14500
123000
46500
58000
88500
302500
234500
37000
24000
10500
442500
22000
33000
107000
57000
42000
18000
60500
322500
38500
18500
15500
110000
178500
98000
24500
18000
64000
34000
122500
102500
17000
25500
61000
107000
34000
275500
84000
105500
28500
44500
40000
20000
42500
24500
68500
18000
26500
96500
129500
409500
15000
127500
95000
20500
92000
35500
322000
14000
326000
103000
23500
46500
132500
120000
19500
29000
78500
132500
25500
11500
69000
259500
142500
25000
44000
24000
30500
23000
45500
46000
16500
13500
34500
88500
287500
47500
49500
41000
76000
52500
142000
55500
96000
142000
48500
107500
25500
110000
36500
27500
40500
117500
47000
125500
16500
123500
474500
20000
38000
277000
71000
234000
26500
46500
268500
16500
42000
131000
147000
128000
29000
49000
130500
28500
24500
91000
118000
114500
66500
29000
16000
25000
252000
121500
79000
82000
23000
44000
16000
76500
60500
50000
39000
14000
16500
35000
108000
129500
30000
46000
390000
22500
27500
37500
85500
34500
12000
49000
141500
57500
142000
49000
338500
19500
31000
66000
95500
39500
69500
77000
30000
13000
42500
147000
38500
18500
26000
24500
19500
15500
130500
160000
129500
402000
23500
142000
45500
29500
485500
15000
147500
13000
30500
242500
110500
10500
27000
77500
429500
36000
36500
41500
43000
18000
31000
168500
20500
16000
28000
77000
60000
96500
18500
30500
26000
427000
30000
134000
136000
439000
36500
98000
12000
457500
42500
142000
17000
27000
23500
124000
30500
16000
33000
24000
34000
47500
113500
42500
13500
41500
32000
37000
50000
45500
120500
23000
34500
23500
38500
41500
40000
20000
48500
40000
45000
23500
75000
460000
48000
13500
36000
276000
146000
147000
18500
46000
15500
41000
75000
109500
49500
16000
10000
49000
86500
24000
17500
21500
24500
10000
19000
77000
24000
24000
27000
73000
125000
86000
117000
102500
13500
75000
234000
82500
146500
25000
21500
128500
27000
58500
43000
39500
124500
17500
111500
22500
479500
89000
48500
37500
107500
24500
76000
80500
32000
32500
19000
48500
36500
114500
19000
65000
33500
121500
218000
38000
57500
79500
460000
42500
12000
22500
18500
39000
16500
57500
31500
374500
13000
35500
52000
109000
11500
12500
12500
45000
24000
95500
33500
31000
13000
381000
41500
41000
57000
19500
26000
17000
450500
55500
25500
24000
72500
16500
134500
126000
137500
112000
487500
36000
59500
36000
16000
19000
19500
34000
91000
37000
21500
12500
301500
41500
365000
36000
25500
54500
19000
45500
51500
25500
122000
57500
115000
188500
12500
19000
16500
23500
42000
33000
14000
19000
94000
67000
61500
112500
13000
148500
354500
19500
132500
49000
123000
46500
119000
50000
21500
17000
14000
26000
37000
10000
35000
405500
143000
14500
262000
22000
143500
39000
90500
18000
123500
36000
50000
85500
37500
30500
37000
144000
15000
77000
55000
58000
114500
35500
106000
80000
11500
17000
48000
52500
34500
12500
13500
91000
112500
22000
14500
82500
13500
89000
42500
18500
46500
365500
401000
87000
52500
26500
17500
331500
220500
455500
49000
17500
33000
129500
17500
37500
108000
27000
349500
15000
40500
38500
18000
357500
23500
13000
93000
29500
25000
37000
23500
47500
46500
17500
47000
10500
103500
19500
39000
21500
17000
37500
18000
72500
72000
43500
477000
79000
41000
63000
431500
320000
13500
44000
71500
16500
29000
119500
68000
30500
475000
19500
126500
14000
11500
117000
32000
125500
64500
79000
17500
70500
33500
92000
30000
37000
53500
40500
38500
99000
15500
39500
50000
47500
55000
44000
36500
38500
22500
33500
12000
29500
50000
11500
105000
35500
86500
218500
26000
26500
20000
46000
36500
421500
24500
43500
89000
24500
14500
30500
133000
40500
29000
36000
13500
423500
28000
62500
44000
73000
42000
172000
286500
57000
48000
47000
45000
498500
208000
43000
124000
60500
226000
401000
429500
39500
20500
147500
29500
50500
89000
27500
305500
48000
75500
12500
26000
49500
43500
75000
43500
17500
98000
15000
24000
28500
52500
435000
26500
179500
31500
24500
50000
21000
13000
36500
43000
372000
33000
29000
45000
142000
20500
335000
208500
15000
40500
131000
40000
131500
47000
72500
39000
34000
53500
78000
53500
13000
41500
142000
17000
150000
137000
134000
45000
27500
10500
40500
179500
48000
40500
76500
14000
35000
128500
72500
38500
14000
51500
103500
12500
48000
26000
10000
31000
43500
128000
14000
12500
79000
24000
29000
13500
41000
22000
43500
21500
117000
36500
83500
39000
32500
19500
37000
48000
69500
119500
112000
91000
323000
28000
45500
15000
15000
40000
26000
50000
47000
149500
27500
73000
40500
21500
35000
14500
32500
12500
13000
62500
44500
48500
21000
25500
122500
32000
213000
35500
48000
42000
134500
22000
26500
33500
23500
24500
66000
47000
29500
142000
42000
23000
36500
114000
120500
15500
21000
34000
107500
37000
65500
44500
347500
174000
105500
92000
138000
32500
32000
126500
67500
50500
112500
25000
37000
476000
24500
11000
147000
78500
62000
46500
113000
86500
117000
34500
35000
27000
40500
40500
91000
50500
110500
143000
12500
79000
456500
38000
37000
33000
205000
41500
27500
97500
20500
133500
126000
47500
145000
14000
21500
31500
140000
41500
49000
138000
44000
17500
92500
445500
11500
40000
457500
89500
42500
43500
392500
27500
58500
29500
37000
17000
130000
377000
65500
105000
119500
17500
38500
112000
16500
33000
143000
43500
106500
471000
11000
11000
39000
38500
48000
103500
111500
47500
74000
10000
32000
49000
10000
40500
47500
115000
21500
35500
31500
42500
66000
23500
16500
93500
146500
19000
134500
32500
11000
422000
10500
36000
16500
38000
42500
301000
458000
17000
246000
31000
43000
45500
28500
25000
87500
11000
39500
14000
39000
41000
19000
141500
43500
21500
97500
28500
101000
28500
32500
24000
37500
32000
19500
49500
77500
41500
31500
49000
110500
108000
26000
32000
51000
400000
21000
29000
34500
33000
236500
352500
42500
11000
45500
361000
23000
80000
28500
146500
131000
37500
35500
126500
47500
20000
30500
201000
30500
25000
199000
126500
15000
42500
10500
16500
22000
265000
41500
16500
26500
134500
47500
20500
451500
36500
350500
42000
17000
41000
35500
45000
148000
36500
119500
19500
96000
82500
13000
46000
19500
20000
66500
40000
32500
12500
44500
37000
47500
47000
26000
41000
21000
26500
128000
25500
44500
28500
45000
23500
83000
17500
11000
20500
406500
56000
16000
42500
20500
27000
36500
109000
417000
18500
29500
15000
16000
16500
133500
61500
15500
54500
33500
11000
329000
58500
44500
112000
38000
68000
32000
93000
88000
36500
32000
24500
24500
170000
20000
142000
33000
26000
36000
12500
20000
22500
12500
17500
47000
122500
27000
14500
391500
15000
49000
47000
105500
38500
29500
15000
128000
29000
41000
15500
48500
13500
27500
112500
35000
17500
425000
47500
44000
45500
143000
71500
78000
42000
86000
133000
34000
27000
49000
84000
27000
35500
20000
28000
21000
144000
140500
107000
32000
10500
38500
11500
36000
50000
48000
124500
12500
19500
103000
44000
22000
45000
142500
126500
30000
24000
101500
383000
333000
47500
14000
128000
174000
48000
16000
94000
35000
42000
94000
41000
118000
283000
18500
335000
42000
210000
63000
26000
291500
43000
29000
43000
24000
32000
20500
148000
150000
18000
47000
36500
26000
75500
84500
20000
469000
27500
106000
48500
94000
32000
46000
23500
71000
32000
77000
68000
16500
149500
42500
29500
82000
115500
23000
110000
58000
16000
34000
47000
45000
173500
142000
50000
94500
41000
135500
22500
47500
50000
62500
121500
305000
28500
95000
34500
130500
279000
15500
103000
78500
19000
131500
68500
54500
60000
134500
30500
62000
439000
12000
19000
28500
13500
49500
18000
35500
143000
21000
47000
461500
63500
44000
31000
33000
29000
41000
32000
49500
447000
112000
48500
41000
138500
36000
66500
69500
38000
45500
66500
112000
59000
33000
49000
47000
17000
33500
24500
22500
123500
46000
23000
17500
42000
17000
28000
44000
134000
31500
146500
104000
93500
44000
13500
34500
33000
308500
35000
433500
114000
86500
41000
47500
48000
29000
49000
30000
201000
10500
32500
245000
16000
117000
37500
26500
109000
23500
14000
30000
130000
10500
130500
45000
491000
454500
135000
38500
108000
63500
415000
21500
140500
22000
19500
41500
55500
21000
36000
81000
307500
27500
32500
32500
19500
48500
34000
19500
30500
12500
71500
39000
37000
28500
272500
48500
31500
11500
37000
317000
34500
70500
17500
48000
137500
40000
43000
430000
97000
48000
24000
31000
27000
48000
99500
25000
100500
222000
106500
48000
83000
24500
23000
38000
48000
50000
18500
51000
326000
348500
99000
42000
33500
11500
26500
11000
104500
35000
69000
87000
118000
122000
47000
33000
22000
23000
47000
31500
48000
12000
39500
56500
36000
19500
36000
12500
21500
48000
86500
37000
140000
197500
21500
228000
33500
240500
28000
36000
40000
51000
40000
147000
212500
38500
21500
11500
122000
19000
19000
398500
23000
17000
48500
48500
34500
48000
22000
48500
27500
150500
49000
58500
142500
20500
261500
33500
436500
65000
39500
47000
58500
143000
50000
428000
39500
41500
115500
48500
76500
13500
97500
59500
14500
38500
29000
487000
22500
54000
21000
108500
406500
10000
20500
23000
44500
34000
44500
32000
17500
36000
55500
46000
23500
50000
43000
31000
19000
16000
40000
20500
69500
103500
15000
73500
402500
44500
80500
25000
49500
17500
29500
48000
29000
225000
16500
91000
27500
44000
62500
41500
10500
12000
22500
122500
41500
49500
43500
59000
40500
47000
12500
37500
28500
40500
413000
161500
39500
21000
92500
50000
34500
42000
35000
267000
182500
99000
127500
464500
64000
33000
297500
53000
14500
20000
47000
35000
127000
33000
71000
427500
48000
37000
32500
32500
46500
106000
10000
37500
42000
138500
125000
39000
55500
243500
51000
37000
46500
124000
12500
112500
41000
46500
271500
280500
265000
38000
34000
70500
18000
21000
43500
25500
20500
108000
454500
415000
12500
49000
97500
33000
76500
180500
10500
36000
47000
14000
15000
19500
120500
47500
43500
57500
75000
22500
37500
74000
47500
198500
49500
70000
64500
28000
18000
366500
23500
45000
26500
27000
30500
39000
119500
363500
345000
138000
295000
316000
47500
44500
137000
23500
136000
150000
55000
36500
18000
90500
341000
29500
21000
136500
44500
45000
37000
43000
97500
19500
56500
113000
26000
120500
25000
10000
133500
16500
23500
218000
16000
15500
276500
90000
41500
32000
23000
442500
79500
130000
20000
92000
98500
118500
278000
145500
96500
21500
28500
148000
12000
30000
20500
43000
25000
43000
117000
38500
27500
31500
40500
26500
134000
31000
111500
15000
32500
119500
12000
81000
94500
94500
101500
86000
310500
42000
27000
383500
245500
92500
74000
275500
144500
40000
107500
50000
43500
32000
45000
120500
26000
61500
43000
25000
28500
49000
37500
59000
87000
26000
14000
33000
27000
472500
44000
14000
31000
32500
438500
20500
120000
56000
36500
41000
37000
497500
219500
89000
39500
81500
37500
26000
77000
10000
49000
39500
18500
134500
18000
20000
19000
25500
45500
41500
142000
20500
39500
92000
23500
118500
137000
45000
114500
10500
121500
50000
109500
462500
19500
124500
162500
102500
48500
26500
17500
45500
15500
43000
36000
365000
187000
15500
115500
75000
28000
16500
147000
440500
144500
27500
15500
173500
64000
29000
76500
144500
25500
17000
24000
29000
33000
32500
38500
86500
25000
11500
46500
81000
24000
30000
34500
36500
94500
35500
10000
140000
118500
328000
136000
130000
77500
32000
84500
50000
46000
14500
128000
18500
455500
46000
49500
28500
96000
29500
36000
35500
58500
120500
79500
26000
86500
21000
17000
145000
391500
10500
10000
278500
39500
29500
37500
76000
125500
11000
50000
32500
280000
16000
110000
28500
114500
46000
105000
17000
28000
20500
24000
20500
72500
20500
136000
41000
43000
46500
136000
349000
109000
34000
59500
10500
49500
303000
102000
16000
37000
39000
111000
75500
43000
46000
156000
118500
18500
23000
35500
28000
110500
41500
35000
36500
40500
45000
49000
15500
26500
27000
62500
15500
140000
34500
40500
26500
394500
499500
19000
32500
27000
31500
31000
62000
125500
119000
40000
93000
19500
88500
45000
50000
124500
34000
82000
30000
55500
89000
43000
225000
74000
426000
136000
109500
72000
39000
21000
251500
269000
90500
89500
20500
40000
25500
24000
82500
24000
54000
14000
80000
147000
59000
398500
45500
276500
34000
61000
47500
148500
118000
18500
88500
238500
41000
42500
37500
44000
50000
38500
139000
83000
35000
294000
49000
40500
47500
11000
76500
35000
11000
14000
26500
106000
16000
11000
30500
39000
126000
390500
30000
188000
29000
11000
213000
48000
138500
86500
10000
463500
18000
140500
13500
24500
419500
81000
20000
295500
20000
26500
28500
424000
19500
51500
17000
20000
134500
45000
34500
43000
120000
12500
43500
36500
105000
284000
29000
45000
20000
30500
30000
18500
37500
14500
31000
96500
22500
93000
18000
97500
69000
47500
39500
66000
27000
51000
106000
34000
47000
123000
69000
14000
328000
342500
19000
120500
150500
89500
79000
36000
123500
44000
82500
118000
37000
42000
111000
178000
22000
87000
20500
43000
137000
44500
24500
36000
59500
36000
18500
11500
131500
78500
264500
46500
56000
140500
373000
27000
82500
26500
21000
71500
186000
79500
23500
49500
192000
41500
93000
19500
19000
350000
104000
21000
12000
82000
134000
10500
23500
112500
132500
26000
17500
23500
360000
45500
17000
208500
43000
113500
50000
61500
124500
72500
41500
24000
42000
20500
65500
31500
25000
46500
48000
132000
72000
68000
119500
135500
24500
55500
27000
11000
18000
110000
39000
43500
21500
19500
27000
28500
154500
40500
105000
16500
29000
347500
50500
149500
119500
10500
16000
34500
175000
28500
27500
39000
25000
80000
16000
48000
439500
22500
27000
32000
41500
27000
51500
135000
128000
21000
19500
93000
62500
31000
31000
119000
139500
108500
74500
29000
36000
28000
48000
92000
15500
111000
31500
24500
33000
104500
19500
10500
19000
11500
17000
45000
37000
121500
63000
100500
47000
25500
91500
34500
12500
364000
345500
89500
46500
88500
25000
39500
18000
114000
24500
90500
40500
20500
49000
147000
131500
53000
39000
25500
18500
22500
36500
27000
48500
25000
33500
33000
101000
114000
143000
105500
68500
121500
500000
21500
15000
40000
35000
123000
43000
137000
53500
25500
47000
123000
45500
10000
17000
33500
91500
35500
12000
28500
85000
134500
49500
38000
23500
50000
15500
123000
445500
79000
23000
195500
230000
29000
33500
31000
102500
36000
132000
10500
36500
27000
319000
184000
93500
46500
21500
133500
72500
78500
90500
49000
45000
117000
31500
131500
50000
37000
41000
29500
45000
108000
21500
13000
26000
98500
23000
27000
42500
23500
72000
393000
48000
13500
141500
135500
28000
126000
29500
22500
108000
51000
11000
46500
43000
128500
30000
76500
37000
15500
32500
33500
34500
64500
46000
86000
50000
68500
150000
19500
31500
37000
182500
44000
39500
49000
53000
30500
151500
34500
44000
12500
38000
17500
37500
106500
29500
107000
86000
113500
21000
23000
393000
29000
17500
63000
13000
28000
69000
148500
12000
147500
29000
13500
109500
27500
40500
15500
37000
41000
43500
18500
13000
40500
26000
46500
117500
31000
15000
27500
40500
47000
36500
86500
98000
13500
31500
42000
125000
42000
13000
41000
122500
88000
49500
48000
50000
41000
170500
145000
30000
19500
28000
113000
96500
54000
27000
17000
213000
11000
92500
40500
13000
33500
25000
13000
115000
49000
206000
58500
27000
44500
147500
23000
45500
148000
28000
34000
38000
85500
47000
461000
10000
47000
35000
18500
41000
80500
27000
16500
15000
53000
41000
39500
13000
109000
28500
109000
35500
69000
48000
68000
100000
95000
457500
312500
85000
22000
45000
41500
425000
18500
267500
14500
29500
45000
109500
57000
117500
70500
124500
13000
20000
34500
32500
14500
224000
34500
47000
51500
15500
35000
12500
108500
30500
21500
23500
44500
40000
77500
36000
15500
20000
110500
77000
45000
93500
19000
77500
49000
233000
49000
128000
22000
27000
72500
33500
11500
116500
145000
37500
93500
46000
114000
46000
10000
22000
43500
26000
134000
47000
34000
94000
109500
104500
27000
375500
30000
50500
17000
122500
24000
62000
45000
12000
140000
49500
26000
26500
11500
28000
16000
150000
38500
48500
133000
63500
44500
77000
137500
19000
140500
18500
146000
28000
15500
114000
34500
37500
29000
42000
17000
21000
54000
48500
10500
22500
339000
30500
143500
45000
138000
144500
53500
25500
30000
38500
22500
16000
34500
89000
101000
85500
34000
263000
24000
141500
24500
10000
133000
29000
23000
75000
113000
140000
36000
125500
13500
58500
32500
10500
38500
49500
33000
150000
126000
102500
21500
10000
300500
125000
148500
119000
42500
103000
29000
15500
420500
110500
38000
67000
118000
48500
148500
14500
16500
23500
17500
141500
27000
130500
50000
49000
71000
44000
14000
29500
35000
22500
98500
18500
39500
40000
50000
17500
37000
126000
48000
21000
19500
101500
43500
102000
44500
122500
20500
14500
31000
20500
111000
21500
65000
23500
23500
14000
94000
22000
52000
33000
20000
37500
36000
29000
149500
42000
13000
99000
11500
110500
22000
57500
117500
19000
31000
39000
60500
17000
91000
38500
201500
32500
18000
22500
216500
25000
13000
450500
25500
18000
16000
22500
11500
238500
44000
140000
38500
30500
21500
124000
48000
144500
23000
141000
21500
15000
40500
11000
274000
25500
98500
121000
131000
12500
10500
360000
406000
31000
50000
39500
57000
35000
218000
259000
86000
30500
22500
13000
36000
38500
21500
23500
22500
59000
44000
386500
17000
12000
41500
15000
85000
98500
23500
125000
68500
10500
349000
63500
44000
40000
498500
112000
48500
39000
30000
12500
41500
40500
71000
15000
106500
13000
42000
145500
48500
31000
49000
13500
31500
53500
109000
49500
35000
38000
37000
37500
29000
41000
29000
12500
94500
45500
91000
39500
39500
40500
55500
43500
94500
32000
29500
127500
17000
478500
46000
343500
14500
77000
110500
343000
214000
20500
468500
10000
30000
157000
20500
53000
71500
50000
19500
104500
138500
19000
23500
16500
69500
43500
400500
30000
493500
40500
130500
33500
134000
44000
52000
29500
47000
50000
59000
88000
29500
407500
14500
81000
11500
19500
141000
394500
147000
20500
21000
43500
39500
316000
148000
15000
21000
133000
10000
342500
72000
128500
482000
23000
47000
28500
17500
301500
76000
80500
112500
120000
68500
133500
79000
13000
14000
86000
32000
49500
58500
72000
32000
224500
28000
37500
10000
45000
34500
13000
231000
32500
26000
91000
25500
40000
141500
31000
94000
34500
98000
10500
163000
100000
204500
396500
15500
35500
37000
18000
42000
23000
29500
46000
89500
19500
21500
10500
18000
48500
16500
330000
40500
41000
18500
52000
94000
35000
25000
30500
60500
34500
131000
17500
31000
36000
104000
442000
42000
26500
22500
33000
20500
115500
16000
82000
472000
36000
72500
131000
63000
11000
200500
40500
84500
52000
10500
37500
33000
37000
114000
24500
21500
13000
17000
23000
10500
46500
55500
35500
58500
33500
27000
12000
36500
96500
39000
43500
28500
70500
32000
18000
277500
458000
13000
476500
298500
31000
35500
18000
46500
38000
165500
196000
211000
312500
316000
302000
27000
19000
39500
69500
34000
44500
13500
94000
442000
68500
20500
117000
25000
25500
27500
11500
49000
129000
61000
22500
46000
40500
37500
36000
16500
26500
38500
13500
21500
109000
26500
16000
464000
11500
28000
111000
38500
116000
17500
20500
47500
32500
37500
55500
45000
127000
16500
21500
85000
122500
38500
47000
118500
28000
146500
42000
110000
12000
21000
15500
45000
37000
44500
368500
95500
37500
17500
45000
43000
19500
41500
31000
85500
487000
108500
30500
18000
139500
86500
176000
29000
42000
29500
13000
16000
49000
41500
40000
20000
14500
128000
43500
46500
71500
131500
63500
39500
29500
18000
11500
27000
321500
42500
17500
39500
101500
46000
44000
15000
21500
22500
29000
144000
104500
211000
133500
145000
55500
424500
20500
147000
38500
341500
30000
24500
79000
13500
80000
434000
29500
32500
110500
470500
49000
102000
18000
57500
89500
113000
32500
46000
27000
18000
48500
47500
64000
32000
121500
128500
390000
15000
481500
99000
32000
43500
33500
73500
39500
71500
16500
15000
33500
99000
90500
23500
43000
107000
34500
33500
22500
41000
33500
120000
12500
32000
31500
477000
15000
46000
34000
48000
33500
30500
21000
15000
43000
64500
135500
134500
27500
306000
15500
33500
45500
25500
267000
97000
31000
16500
43500
26500
44000
17500
54500
36000
145500
32500
19000
147500
119500
19500
22500
56500
24000
23500
33000
450500
13500
10000
12000
91500
60000
48500
117000
142500
50000
17000
57000
24500
70000
41500
33500
378500
45000
49000
104500
40000
116500
47000
47000
16500
71000
12000
15500
27000
114000
213500
32000
75500
121500
211000
29000
12000
450500
21000
37500
38000
44000
72500
16500
36500
112500
34500
303000
137000
27000
13500
27000
42500
195500
31000
10500
152500
90500
140000
107000
25000
40000
38500
11000
42000
125500
19500
17000
41500
136000
53000
63000
32000
35500
381500
103500
14500
24500
95500
43500
17500
313000
48500
112500
44500
47500
40000
25500
49500
49000
19000
35000
14500
19500
233000
203000
35000
40500
33500
115500
34000
104500
202000
49500
25500
16500
470000
18000
123500
128000
121000
147500
36500
121500
31000
152500
125500
37500
26500
58000
31000
48500
49500
166500
28000
44000
33500
29000
20000
31000
25500
54500
168000
62500
45500
36000
14000
96500
13000
57500
13500
31500
41000
50000
60000
36000
89500
34000
147000
84500
13500
131500
60500
149000
39000
23500
214500
12000
180500
41500
11500
34000
42000
39000
71000
16000
125000
131000
464500
21500
43500
36000
46000
104500
128500
13000
28000
27000
49000
67000
232500
139500
49500
40500
29500
138000
21500
486500
46500
40500
40000
127500
70500
185500
126000
14000
56500
32500
41500
25000
26500
31500
20500
74500
94500
133000
45500
18500
17500
84000
114500
140500
39000
14500
106000
29500
34000
39500
33000
84500
459500
24500
24500
38500
46500
13000
28500
104000
88500
46000
145000
12000
104000
33500
39500
11500
148500
499000
52000
14000
43500
125500
55500
45000
49500
46000
24000
33000
26500
41000
32000
30500
34000
46000
49000
108000
35500
103000
32000
31000
418500
369500
30500
161500
35500
22500
105000
107000
38000
32000
35500
35500
46000
28000
430500
52000
36000
67500
13000
67000
127000
89500
41000
42000
76500
352000
114500
81500
139500
18000
22000
34500
46000
119500
88500
23500
50000
59000
18500
15500
84000
78000
16500
116500
53500
133500
38000
132000
47000
17000
48500
134000
131000
14000
14000
11500
23000
124500
396000
129000
47500
63500
40000
16000
15000
38500
31000
36000
12000
33500
33500
50000
98500
14500
14000
121500
460000
117000
57000
24000
14000
21000
99000
331000
13500
36500
87500
28000
125500
44000
144000
139000
42000
37000
119500
121000
31500
235500
42000
16000
104500
39500
23000
133000
416000
144000
37000
54500
25500
42000
34000
13000
14500
29000
70500
51000
115500
108500
35500
482500
49500
346500
23000
39000
49500
59500
41000
34500
24000
50000
14000
46500
98000
11000
396000
37500
27000
54000
26000
267500
237500
134500
30500
62000
22500
124000
424000
16000
25500
84500
25500
35500
50000
120000
126500
49500
25500
272500
155500
134000
30500
321000
144500
101500
38000
56500
72500
112500
19000
450500
111500
19000
45000
47500
144500
332000
61000
48500
293500
12500
18500
338500
188500
143500
55500
137500
24500
57500
24500
155000
429000
13500
229000
14500
27000
39000
20000
10500
15500
480500
24500
137000
174000
15000
15000
144500
127500
10500
14500
39000
10000
146000
47000
26500
285500
11000
109500
128500
48000
302000
10000
33500
101500
436000
119500
188000
401000
10500
39500
58000
35000
363500
26500
49000
18000
25000
13500
40500
27500
87500
46000
32000
49000
66500
46000
49000
25000
11500
43500
132500
48500
315000
22500
14000
125000
12000
30000
375500
106500
28500
87500
191000
26000
134500
59000
48500
42000
35000
126000
19500
15500
130500
47500
116500
427500
29500
476000
142500
36500
137500
15500
42000
120000
100000
33000
124000
93500
44000
177000
116000
25000
110000
92000
50000
16500
49500
13000
17500
109500
104500
17500
203000
13500
113000
21500
124000
42500
10500
36000
56000
25500
137500
24500
132500
37000
25000
40000
105000
144500
32000
61500
102000
96500
142500
33000
22500
46500
35500
23000
16500
73000
98500
365500
21500
35500
36500
49500
49500
122000
332000
33000
125500
40000
47000
48500
160500
39000
38500
38500
15000
142000
11500
20500
82500
40000
104000
460500
18500
148000
57000
120000
15500
101500
147000
31000
30500
36000
39500
36000
29000
240000
25000
349000
16000
71000
41500
21500
127000
111500
438500
21500
84000
44000
134500
476000
19000
430500
39500
20500
65500
91000
136000
38000
36500
135000
33500
152000
42000
48500
149500
133000
50500
22500
32000
110500
147000
249000
23000
17500
147500
48000
32000
32500
29000
27500
22000
111000
33500
46000
10500
62500
126000
26500
10000
16000
53000
146000
118000
149500
50000
39500
26000
17500
45500
32000
12000
167500
46500
35500
47000
32000
490500
18000
31500
139500
130500
142500
97000
458000
32000
20000
18500
13500
29000
30500
41500
117500
96500
31000
83000
49000
27500
123000
302000
93000
18500
16000
31000
41000
387000
47000
11000
38500
23500
137500
10000
125000
122000
34000
475500
10000
39000
17000
77000
43500
43000
11500
81000
25000
40500
142500
44500
388000
36000
37500
44000
79500
80000
67500
28500
90500
73500
56000
93000
30500
35000
136500
42500
143000
44500
10000
463500
246000
47500
139500
81000
196500
31000
53500
49500
11000
40000
148500
45500
56000
18000
39000
36500
45500
11500
82500
22500
107500
125500
28000
25000
499000
33000
464000
39000
369500
141500
47000
25000
42000
24000
33000
79000
21000
21500
149500
31000
141500
18500
32500
143500
12500
114000
289000
38500
69000
51500
29000
32000
20500
59000
148500
44000
30500
27500
483000
31000
16500
108500
28000
446500
25500
476000
34000
440500
14500
139500
415000
48000
18000
14500
55500
52500
410000
55000
21000
130000
32000
16500
38500
11000
78500
38000
33000
39500
170000
23000
114500
37000
39500
64500
31500
14000
32500
42000
148000
405000
35500
141500
17500
147500
115500
30000
40500
17500
124500
48500
35000
63000
428500
86500
45000
428000
136500
142000
27000
76500
69500
11500
20000
44000
43000
114500
105000
43000
25500
36500
26000
30500
94500
316500
40000
230000
75500
65000
130500
47000
76000
21500
20500
54500
20500
15500
37500
34000
33000
37500
26000
22500
19500
23500
22500
412500
35000
64500
87500
335500
48000
373000
20500
47500
10000
335500
14000
316000
52500
10000
123000
145000
45000
76000
10500
12500
117000
16000
13500
45000
16500
28000
22500
41500
145000
20000
14500
50000
50500
34500
44500
119000
42500
41500
74000
139000
35500
10000
26000
61000
134500
118500
18500
19500
46000
31500
12000
26500
110000
185000
44000
101000
31500
124500
48500
19000
36500
26000
33000
99000
18000
54000
58500
50000
10000
48000
42000
31000
430500
119500
496500
47500
36000
29000
31000
19000
34000
405500
61500
13000
35000
22000
25000
35500
130500
127000
23000
43500
428000
34000
21000
27000
27000
69000
344500
73500
122000
464500
20500
42500
47000
50000
206500
67500
57000
45500
14000
82000
41500
10000
34500
28500
76000
15000
23000
34000
45000
136000
47000
10500
99000
21500
36500
80000
18500
11500
130000
39000
29500
77000
29500
107000
217000
49000
59000
19000
123000
23000
126000
106500
30000
24500
29000
78500
28000
133000
10000
65500
457000
10000
26500
30500
24500
83000
42500
12000
411000
65500
39500
141500
11500
124000
270500
18500
120000
15500
48500
70500
45000
225000
41000
86000
28500
245500
49000
17000
27500
28500
71000
51000
35000
124000
27500
48500
45500
13500
134500
117000
42500
25000
16000
96000
41500
47000
74000
89000
18000
305000
35000
41500
25500
42000
40000
21000
25000
17500
133000
136500
99500
112500
142000
36000
137500
113500
12000
32000
35000
45500
88500
36000
132000
38500
71500
36500
178000
25000
28000
12000
239000
18500
13000
30000
42500
18000
29500
139500
93500
181500
254000
137500
44500
117500
33000
38500
430000
49500
26500
50000
41500
52500
140500
41500
37500
457500
84000
38000
113500
35500
48000
35000
122500
41500
137000
28000
29500
11500
139000
12500
20500
41500
58500
57000
144500
18000
371500
207500
10000
38000
18000
20000
41500
372000
20500
24000
145000
93000
140000
48500
39000
144000
105500
142500
138000
106000
15000
40000
17000
63000
30500
17000
28500
13000
93000
11500
80000
20500
88000
47500
63000
48000
482500
89000
112500
22000
14000
36500
40000
148000
25000
85500
10000
23500
22000
27500
32500
47500
132000
12500
15000
40500
125000
43000
27000
90000
14000
48500
38500
148500
33500
66500
62500
36000
12500
77000
30000
25500
177500
144500
58500
16500
28000
30500
23500
87500
52000
50500
30500
47500
34500
21500
41500
10000
23000
414000
124500
20000
41500
34000
161500
71000
19500
26500
237500
66000
15000
38500
50500
95500
83500
22500
115500
38000
14500
20500
29000
305500
27500
22500
19500
22500
24000
29500
253000
102500
143000
43500
13000
41500
385000
20500
24500
45500
71500
25500
33000
39500
129500
30000
44500
36500
43500
32500
38500
83500
452500
11500
59500
146500
431000
43500
24500
27500
105000
149000
82000
292000
19500
13000
11000
11500
467500
214500
65000
25500
29000
109500
137500
22000
29500
385500
36500
13000
37000
44500
85500
17000
36500
16000
63500
379000
20500
40500
301500
43500
44000
113000
121000
407500
11500
36000
310500
29500
49500
22000
39000
428500
83000
27500
104500
40500
20000
84500
16000
15500
16000
214500
28000
488500
114500
35000
25000
346500
36500
101000
408500
363500
116000
27500
35000
129500
13500
24500
12500
38500
31000
38500
26500
41500
446000
21500
29500
132000
62000
28000
138500
33000
41500
10500
476500
134500
49000
117000
121500
374500
48000
319000
20000
38500
214000
10500
21000
49500
30000
33500
59500
48500
118000
390000
73500
17500
29000
60500
42000
229500
22000
85500
12500
25500
17500
30500
35500
136000
24500
19500
20000
33500
117000
13000
47500
89000
52000
38500
42000
352500
34500
110000
128000
15000
132500
15000
38000
19500
86000
14000
50000
335000
45000
16500
72500
34500
37000
120000
35000
113500
133500
21500
498500
263000
31000
41500
313500
26500
13500
35000
477500
35500
38000
57500
27500
13000
32000
28500
20500
37500
33500
35000
11500
117000
46000
20000
77000
11000
49500
239000
13000
255500
106000
339000
31000
29500
12500
181000
39000
26000
41500
21500
100000
180000
25500
43000
59500
39000
14000
25500
49500
185500
74500
42000
43500
91000
40000
48500
15000
254000
13500
54000
10000
404500
79000
38500
43500
15500
419000
41000
11500
48000
44000
15500
95500
422500
44000
43500
137000
44000
104000
11000
31500
15500
40500
24000
29000
42000
89500
120000
410500
37000
41000
122000
21000
45000
87000
23000
69000
77500
118000
40000
10000
114500
122000
93000
17000
38000
29000
82000
12000
13000
393500
68500
87000
50000
199500
53000
143500
34000
47000
96500
22500
43000
45500
13500
28000
29500
35000
31000
16500
148500
15500
95500
150000
91000
20000
397500
22000
14500
32000
136500
109500
112500
62000
241500
26500
105500
29000
85500
15000
41500
41500
47000
22000
68000
39500
16500
141000
86500
43000
22000
81500
11000
417500
140000
61000
39500
13500
25000
31500
11000
414500
21000
40500
27000
61000
21000
85000
11500
96000
49500
86500
15500
15500
33000
16000
32500
14500
22000
70500
56500
28000
295000
14500
243000
133500
47500
12500
44500
47000
130000
21000
29500
17000
87000
27500
30000
127500
13500
74500
15000
39500
37000
130500
25000
175500
49500
59000
325500
82000
67000
19000
37000
114000
390500
28500
16000
46500
59500
20500
36000
40500
492000
43000
93000
43000
11500
127500
45000
131000
11000
50000
14500
87500
35500
39500
37500
27500
77000
59000
98000
10500
414000
314000
10500
39000
343500
26500
41000
11500
17500
38500
41000
47000
23000
43000
167500
32000
27500
128000
38000
31000
15500
87000
45000
15500
39500
25000
47000
29000
30000
39500
44500
91500
83500
46000
124000
200500
25500
27500
26000
125500
20500
32000
267500
135500
32000
62000
272000
135500
47500
46500
84000
43500
115500
118500
473000
15000
210500
44500
50000
140000
384500
67500
288000
36000
31000
15500
24000
16500
24000
31500
110500
118500
118000
39000
41500
41000
17500
23500
40500
82500
88000
49500
17000
49000
315000
54500
24500
26500
20500
101000
126000
18000
418500
46500
31500
28500
10000
20000
76500
34500
145500
110500
93000
26000
53500
25500
144500
344000
14500
17500
40500
304000
37000
57000
123500
146500
137000
21500
24500
50000
12000
15000
44500
143500
56500
39500
21500
77500
110500
47500
108500
25000
44500
35500
122500
150000
137000
37000
104000
58000
18500
27500
34500
142000
34000
17500
74500
237000
24500
80000
49000
100000
68500
32000
20000
17000
30500
136000
43000
147500
60500
338500
445000
20000
19500
15000
12000
39500
35000
126000
14500
31000
18500
38000
36500
24500
16000
29500
44500
83000
33500
11500
30000
36500
468000
122000
117000
32000
116500
94500
33000
48000
42500
49000
25500
396000
101000
69000
26500
54500
15000
22500
256000
15000
13500
23500
21000
93000
135000
41500
12000
13500
43000
35500
34500
383500
19000
20000
274500
37000
25500
13500
13000
83000
55500
38000
24500
28000
44500
38500
26500
47000
16000
251500
69500
16500
20000
15000
120500
33500
34500
45500
47000
143000
487000
190500
446000
32500
18000
27500
36000
122500
104500
76000
21000
100500
25000
39500
467000
27500
20000
33500
30000
136500
42000
141000
130000
16000
29000
61500
59500
23000
32500
24500
46500
29000
43500
12000
120000
449500
13500
40000
306500
36000
15500
85000
40500
37500
265500
31000
15000
47500
388000
14500
26000
35000
99500
25000
84000
100500
44000
106500
44000
33500
22500
16500
49000
47500
22000
21500
264000
118500
35000
289000
47000
111000
138500
45500
32500
19500
20000
36500
14000
117000
14500
33000
59000
81500
12500
72000
91000
58500
29500
26500
42500
16000
40000
36500
50000
26000
109500
80000
115500
22500
110000
26500
11000
14000
45500
26500
47500
34000
101000
24500
82000
383000
23500
38000
21000
44500
42000
268500
54000
139500
38000
28500
50000
17500
28000
74500
113000
51000
97000
119000
46000
31500
469000
67000
122500
40000
45000
31000
19000
37000
31500
115000
45500
60000
39000
19500
35000
20000
13000
45500
72000
48500
95000
118000
246000
97000
23500
165000
104000
42000
63500
255000
119000
61000
15500
27000
41500
48000
494000
29500
120500
11500
46000
55000
23000
47000
48000
34000
12000
51000
15500
65000
19000
13000
23000
42500
41000
27500
23000
34500
464500
17000
13500
27500
32500
40500
11000
113500
149000
38000
17500
167500
41500
140000
28000
92500
24500
24000
16500
48500
71000
133000
50000
29500
51500
47500
19500
13000
44500
14000
25000
58000
17500
45000
136000
360500
18000
20500
29000
75000
101500
29500
396500
144500
29500
32500
50000
18500
40000
142500
65000
97000
47500
14000
10000
32500
125000
79000
25000
32000
114000
51000
65000
38000
25000
151000
146500
91000
34500
176000
12500
19500
10500
35500
104000
34500
308500
440500
46500
96000
48500
16000
80500
361000
123500
144500
67000
49000
21000
34500
115500
323000
145000
15500
30500
132500
13000
242000
41000
33500
332500
38000
134500
108500
11000
135500
280000
31500
13500
35500
177000
147500
47500
105000
46000
60500
48500
41000
61500
31500
74500
32500
252000
23500
32500
29000
11000
37500
77500
83500
17500
11500
80000
131500
94500
99000
123500
41000
142000
44500
39500
99500
30500
86000
121000
36500
43000
38500
26500
43500
40500
10000
97000
38500
45500
21500
13000
269000
34500
44500
27500
42500
33500
48000
62000
15500
33000
31500
53000
125000
29500
116000
34500
59500
115000
38000
75500
25500
126000
50000
51000
11000
22500
137500
20500
43000
30500
252500
46500
306500
21500
81000
21000
67000
36500
48000
51000
10000
27000
13500
63500
24000
64000
10500
31000
32000
100500
37000
90500
270500
15000
28500
24000
19500
27000
49500
17000
18500
128000
18500
49500
78000
129500
32000
19500
38000
23500
133500
439000
11000
34000
62500
70000
14000
68000
36000
102500
134500
38000
20500
326500
40500
37500
38000
17500
41000
18500
49500
12500
137000
32500
113500
45500
60500
15000
43000
20500
37500
443500
33000
16500
16000
100000
18000
13500
264000
495000
40000
22000
55000
27000
29500
14000
35500
45000
22000
135000
16000
149000
81000
25000
46000
371500
133000
36500
29000
12500
24000
26500
12500
21500
14500
44000
36500
79500
125000
32500
38500
28000
18000
93000
41500
48500
33000
143500
15500
84500
40000
60500
29500
85500
197000
49000
10000
99500
31000
37500
28500
14000
32000
92000
55000
83500
33000
98500
38500
37500
44000
96000
117500
33500
49500
407500
38000
29500
48000
38000
46000
48500
36500
60000
53000
52000
31500
21000
40000
56500
42500
47500
107500
37500
141500
16000
63500
497500
76500
44000
105500
21000
65500
479000
32000
50000
35000
26500
120000
19000
11000
41000
69000
31500
35500
63500
29000
21000
32500
66500
21500
100500
72500
44000
93000
80000
50000
131000
13000
100500
69000
73500
29500
40500
42500
26000
142500
42000
17000
94500
235500
24000
145000
28500
67500
100000
138000
14500
44500
22500
45000
19000
72000
44500
412500
41000
34500
125500
39000
47500
80500
108000
19500
46000
134000
137000
101000
42500
66500
58000
11000
138000
34000
34500
147500
34000
27000
131500
84500
14000
38500
38000
472500
101000
12000
63000
19000
48500
73500
130000
11000
24000
104000
120000
36500
24500
142500
34500
150000
78500
75000
48500
271500
43500
316500
44000
379000
43500
250500
48000
39000
48000
19000
42500
32500
49500
57500
27000
47000
16000
367500
24500
43000
25500
143000
106000
108500
23500
13500
400500
32500
46000
81000
90000
143500
373500
24500
438500
45500
22000
40000
25500
18000
23000
49500
319500
65000
26500
19000
240500
205500
10500
45000
21500
37500
29500
46500
28000
37500
376500
20000
26500
28500
41500
92000
68500
45500
35000
211500
131000
47000
29500
20500
136000
109500
19000
15500
19000
26000
15500
66500
24000
78500
20500
133500
162000
27000
30500
19500
17000
129000
16000
36000
29500
38500
30000
15000
30000
442500
176500
10000
89500
22000
21500
54500
452000
31000
38500
224000
128000
110500
25500
37000
382000
138500
372500
12000
50000
36500
12500
17000
40500
50000
73500
30500
147500
11000
146000
28000
117500
33500
30500
27500
35000
22500
25000
61000
49000
29000
249000
30000
18500
120000
11500
147500
16500
24000
124000
51500
77000
15000
135500
31500
29500
330500
141000
44500
143500
104000
37500
34500
131500
47000
41000
10500
26000
22500
13500
25500
178500
412500
77000
74500
117000
92500
26000
38000
69000
63500
62000
131500
68500
49500
19000
333000
44500
14000
55000
46000
32000
103000
47500
29500
34000
25000
23000
80000
37000
31500
94000
18500
16000
234000
130500
346500
17500
43000
42500
46500
10500
270500
30500
134000
24000
13000
150000
201000
43500
94000
53000
32500
30500
11500
140500
56500
16000
79500
52000
100500
40500
63500
16500
348000
124000
294500
324000
37500
42000
30500
102000
41500
30500
433000
42500
34000
150000
225500
30500
65500
18500
206500
40000
44000
359000
114000
75500
85000
40500
80000
76000
31000
18500
14000
21500
10500
16500
59500
388000
70000
109500
109500
379000
131000
13000
139500
113500
98500
122500
28500
40500
68500
47000
20500
99500
24500
123500
18500
394000
106500
98500
49000
97500
269000
25000
15500
25000
85000
42500
35500
128500
405500
19500
35500
34000
56500
136500
109500
31000
333000
53000
39500
23500
147000
14500
36000
98500
471500
94500
13000
20500
35000
91500
11000
109000
37000
93500
58000
89000
47000
35500
144500
103000
43500
302000
19500
23500
141000
100500
23000
34500
21000
71000
10500
31500
47500
46500
19000
26000
30500
116500
45500
41000
46000
302500
42500
17000
19000
14500
28000
28000
15500
33500
91000
34000
140000
11500
100500
50000
328000
37500
145000
19000
65000
15500
21500
36000
15000
33500
50000
33500
25500
134500
107500
456000
48500
27500
72000
45500
31000
52500
20000
43000
87000
31500
30500
106500
336000
45500
17500
10000
42000
37500
303500
32000
10000
42500
115500
26500
12000
104500
148500
30500
496000
13500
50000
355000
18000
34500
91500
64500
32000
104500
16500
319500
130500
15000
14000
36500
16000
31000
53000
42500
30000
67000
55000
29000
52500
31500
37000
351000
15500
49000
40000
23500
116000
217500
34000
15000
52000
47500
90500
117000
23500
35500
43000
22000
80500
280000
96500
91000
40500
11000
38500
46000
117000
11000
129000
14000
33500
122500
83500
49000
36500
45500
25500
28000
77500
101000
44000
43000
33500
34000
79000
148000
136000
30000
130000
32000
23000
115000
167500
73500
14500
32500
32000
14000
33500
57500
24500
52000
139000
16500
14500
77500
39500
19500
99000
22500
396000
44000
49000
42500
102000
116500
54500
414000
371500
64000
49000
32500
21500
34500
17000
42000
43000
37500
17000
48000
33000
322000
29500
32500
29500
29500
48500
88000
97500
104000
37500
174500
70500
50000
49500
30000
85000
102000
43500
79500
89000
22000
33000
36000
372500
36000
42000
45000
59000
29000
13500
48000
41500
19500
344000
25000
54000
19000
33500
16500
48000
16000
28000
49000
24000
205000
48500
46000
133500
108500
35000
135500
122500
105000
117000
18000
50000
26000
459000
16000
42500
46500
33500
40500
13000
86000
29500
126500
98500
45500
40000
13500
97500
41500
37000
29500
327000
17500
14000
23000
13000
26000
39000
93000
43500
17000
112000
298000
38000
19500
96000
68500
13000
20500
52500
30500
96000
30500
25000
148000
17500
45500
484500
29000
38500
42500
48000
327500
128500
15000
40500
29000
16500
113000
22500
47000
357500
26500
91000
66000
136000
33500
77000
37000
372500
14000
41000
29500
46500
218000
93000
233000
32500
80500
72000
135000
485500
36500
19000
35500
62500
85000
102000
15500
32000
34000
25000
135000
61500
24500
48500
47500
11500
124000
30000
10500
35500
257500
144500
35500
21000
21500
23000
14000
98000
19500
91000
10500
328500
25500
19500
15000
223500
492000
19000
136500
23000
12500
48000
119500
24500
18500
40000
20500
28000
197500
353000
17000
90500
39000
26000
400000
213500
31000
81500
28000
35500
23500
16000
13500
200500
297500
26000
25000
17000
49500
43500
45000
12500
13000
15500
15000
38000
10500
101000
105500
44000
148500
37500
28000
18500
54500
148000
45000
79000
27000
63500
30000
64500
26500
13500
123000
10000
45500
108500
36000
76000
45000
128000
38500
186000
45000
20500
150000
47000
26500
38000
75000
32000
184000
311500
126500
13500
64000
126000
30500
45000
12000
34000
43500
286500
36500
35500
464500
40500
33500
114500
35000
30000
59500
115000
134000
49500
137500
77500
15000
91000
80000
24000
37500
91000
19000
41000
19000
60000
63500
33000
140500
39500
130500
48000
23000
65000
26000
50000
132500
129000
41000
23000
35500
48000
10000
11500
391500
45000
103000
17500
18500
459500
77000
46000
150000
15500
45000
106500
404000
34000
25500
43000
34000
11000
79500
144000
13000
102500
119000
126000
49000
45000
37500
48000
21000
11500
64000
15000
16500
86500
91000
17000
103500
30500
27000
87500
259000
34000
22000
136000
59000
147500
24500
30500
236000
18000
28500
100000
99000
24500
40000
25500
139500
82500
23500
25500
75000
18500
33000
148500
40000
26500
126000
130500
123500
17000
15000
36500
50500
93500
130500
91500
24000
18000
17000
45000
385500
14000
12500
10000
35000
45500
174500
298500
41500
56000
46000
48000
120500
32500
89500
78000
32500
71500
17000
71500
49000
321500
13500
46500
33500
17000
21500
53000
39500
131000
132000
128000
13500
49500
33500
72500
133500
280000
392000
25000
64500
17500
10500
105000
50000
61000
50000
21000
15500
397500
26000
126500
16000
12000
74000
71500
105000
11000
22000
27000
90500
76500
123000
27000
33000
124500
92000
42000
34500
48500
29000
49000
15500
110000
26500
138000
14500
134500
19000
76500
90000
124000
117000
50000
32500
15500
142000
21000
450000
23000
38000
16500
19000
24000
11500
136500
48000
202500
19500
24000
10500
428000
23500
44000
90000
18000
79000
23000
36500
43500
99000
20000
39000
69000
92000
27500
41500
110000
105000
130000
29500
44500
15000
48500
38500
120000
28000
17500
35000
12500
61000
150000
41500
21500
23000
32000
464500
23000
92500
31000
19000
84000
96000
108000
29000
40500
10000
17500
22500
94500
38000
12500
50000
38500
38000
13000
104000
122500
31000
51000
12000
20000
105000
43000
26500
65500
87500
20000
292500
42500
15500
32000
21500
464000
36500
18500
46000
14500
57000
19500
81000
25000
102500
38000
17000
49500
22000
114500
325000
56500
441000
73500
105500
37500
11500
13500
39500
134000
118000
11500
88000
63500
19500
417500
44500
18500
50000
256500
35000
18000
13000
92500
98500
10500
25000
36000
139500
32500
30500
77500
25500
117500
10000
86500
10500
11500
12000
37000
35500
155500
15500
43000
96500
28000
45000
44000
12500
36500
284000
42500
63500
129500
437500
98500
323500
11500
16000
46500
48500
50000
26500
37000
14500
326500
125000
34000
43000
204500
36500
27500
39500
94500
62000
13500
49500
263500
334000
48000
96500
248500
37000
73000
100500
16500
28000
12500
14500
97000
11000
100500
147500
12500
32500
48000
97500
148000
89000
35000
10000
99500
13000
51500
21000
336500
39000
26500
26500
47500
472500
139000
35500
56000
27000
24000
43000
75500
40500
40000
54500
31500
353000
50000
45000
271500
26500
34000
146500
25000
101000
51000
21000
41000
44500
21500
49500
35500
38500
142500
21000
110500
11500
39500
10000
40500
145500
31500
25500
32000
141000
19000
104500
22000
45500
23500
117000
58500
62500
69000
389000
119000
38500
48000
38000
33000
22000
27500
36000
24500
118500
44500
24000
394500
35500
18500
21000
19000
67500
133000
22000
40500
68500
48000
249500
12000
101000
76500
12500
135000
26000
74500
465000
153500
17000
28500
110000
28000
46000
90000
39500
28500
11500
300500
108000
74000
39000
48500
10500
34000
285000
17500
39000
105500
38000
57000
50000
33500
32000
30500
45500
30000
125500
410000
35000
33500
472000
130500
101000
45500
120500
40500
59000
38500
18000
22500
24000
48500
20000
124000
113500
61500
45000
32000
18000
20000
16500
20000
11500
35000
34000
20000
64500
112500
37000
21000
115500
38500
74000
17500
37500
377000
82000
30500
466500
80500
14500
14000
28000
224000
134500
434500
11000
18000
202000
305000
11500
13500
237000
44500
55000
132500
150000
36500
13000
79000
59000
46000
16500
44500
117000
37000
41500
90000
57500
16000
24000
10500
24500
12000
130500
435500
96000
148000
46500
27500
28000
30000
79500
134000
13000
71500
30000
75000
87000
213000
40500
31000
24000
25000
32000
36000
148000
47000
117000
22000
48000
137000
34500
26000
396500
114000
66000
13000
32500
106500
76500
13500
130500
29500
22000
282000
96000
49000
82000
100500
132000
30000
110000
214000
91000
25000
113500
15000
13000
45500
43500
128000
143500
76000
35500
38000
140000
132500
27000
36500
51000
34500
44000
109500
28000
45500
160500
31000
28500
46000
280500
195000
24500
238500
113000
118500
47500
18000
17500
36500
100500
44000
49000
38500
14000
37000
12000
104000
26500
112000
37000
111000
60000
93500
10000
41000
15500
17000
313500
119500
26000
33000
36500
130500
125000
33500
49500
27000
32000
30000
30000
99000
38000
37000
63500
39000
65500
12000
47000
101500
18500
36000
28500
34500
41500
47500
12000
77000
42500
43500
135500
10500
45000
12000
70000
46500
148500
12500
28500
404000
100500
88000
253000
26000
31000
37000
24000
27000
41000
30000
107000
51000
383000
93000
80500
265000
35000
119000
37500
117000
43000
69500
49500
117000
94000
148500
93500
13000
25000
28500
141500
17000
10000
118500
15000
27500
103000
91000
43000
50000
45500
99500
81500
29500
40500
31000
379500
40000
118500
22000
22000
103500
29500
38000
45000
18000
18500
79500
28000
71500
129500
195000
24000
36000
69000
147000
68500
43500
378500
49500
47500
31000
16000
14500
123000
141500
73500
15000
71500
10000
163500
131500
13000
57500
40500
41500
46500
97000
33000
21500
26000
98500
151000
114500
72000
47500
80500
104000
22000
44000
36500
135000
453500
54000
35000
36000
14500
160500
31000
47500
40000
189000
26500
215500
77000
46500
27500
137000
44500
39500
26500
12500
23000
41500
81000
36000
10000
59500
45500
23000
189000
404000
18500
241500
67500
417500
26000
22500
119000
134000
58000
35500
14000
12000
45500
103500
49000
10500
85500
17500
39500
41000
84500
11500
36500
348500
32500
157500
37000
88500
273000
15000
49500
32500
23500
68500
86000
22500
32500
51000
36000
20000
119000
43500
43500
50000
46500
109500
68500
486500
85500
37000
98500
69500
25500
135000
364500
141000
12500
22500
25500
82500
49500
44500
102500
17500
86500
25000
32500
124000
25000
46000
16500
130000
49000
313500
24000
40500
56500
31000
292000
62500
46500
22000
15500
354000
133500
201500
141000
29000
18500
270000
27500
10000
61500
14500
95500
37500
40000
