47000
36000
147000
25500
144000
36500
49000
308000
31000
23000
143000
19000
36000
328500
109500
18500
99500
22500
36500
23500
358000
12500
147500
26500
90500
122500
103500
92000
127500
80000
337000
33500
50000
34500
92500
388000
137500
66500
23000
14000
21000
19500
25000
15000
28000
39500
111500
37500
103000
14500
27500
26000
41500
22500
72500
24000
12500
44500
14500
13500
23000
464500
408000
41000
20500
18000
126000
48500
126000
21500
30000
27500
13500
49500
143500
23000
109000
30000
39000
141500
77500
38500
126000
76500
35000
21000
10500
10000
146000
12000
39500
45000
105000
42500
26000
70000
16500
105000
18500
31500
26000
33000
105500
464000
12000
65000
21500
16000
37500
84500
30000
46000
46000
37500
48000
84000
20000
50000
22500
46500
46500
132500
432500
299000
85000
38500
101500
28000
43000
32500
39500
28000
249000
44500
34000
76500
43000
30000
44000
67000
114500
48500
25500
99500
73500
395500
53500
34000
146500
67000
49000
14500
82500
26500
116500
37500
40000
58500
16000
18000
150000
480000
47000
28500
67500
99000
66500
31000
92500
25000
27500
46000
42000
82500
45000
37000
74000
18000
79500
49000
104000
12000
27500
109000
40500
124000
45000
137000
245500
41500
114000
20000
45000
21500
30500
68000
104000
15000
60500
109000
419500
24500
134500
42500
112000
13500
136000
110500
89500
90000
12500
44000
83000
19500
10500
146000
21500
382000
20000
40500
100000
22500
67000
38500
36500
213500
49000
10000
126000
116500
50000
75500
17000
36000
35000
24000
379500
131500
14500
209500
44000
58500
40500
110500
149500
85000
142500
114000
64000
43500
369500
19500
10500
16500
24500
43000
14500
12500
32500
33500
16500
10500
123500
44000
49500
150000
19000
95000
10000
25500
13500
31500
17500
15000
15000
70500
76500
75000
36000
447000
36500
146000
27000
130500
68000
22500
11000
142500
36000
80500
101000
70000
38000
476000
27000
49000
17500
96000
41500
22000
18500
63000
101000
46000
38000
399000
46500
49000
21000
464000
102500
39000
96500
20000
123500
24000
46500
50000
386000
15500
43000
93000
466000
40000
479000
37000
15000
45500
27000
31500
69500
44500
431500
41500
132000
70000
35500
44000
30500
93500
21500
34500
42500
55500
28000
23000
63500
23000
245500
63000
16500
24500
126000
108500
22500
32500
27500
43000
146500
30000
44500
39000
28000
134500
20000
78500
149500
25500
32500
66500
14500
11500
17000
137000
113500
36500
175000
180500
30000
23500
51000
15000
41500
40500
21000
97000
12000
36000
35000
21000
46000
18000
146500
62500
33500
24500
21500
97500
34500
139500
457000
190500
27500
10000
37500
49000
27500
13000
116000
25000
21500
42000
144500
62500
41000
126000
149000
34000
57500
114000
425500
46500
102000
14000
15000
37000
50000
16500
123000
104500
48500
172000
110500
206000
43000
34000
46000
23500
42000
351500
106500
11500
127000
13500
51500
315500
96500
11500
43500
464500
23500
378000
24000
12000
50500
48000
137000
37500
26000
41000
82500
38500
20500
48000
32500
41500
252500
54500
144000
14500
45500
37000
87500
48500
63500
309500
183000
329500
112000
39500
13500
38500
97500
23500
15000
32000
134000
116000
133000
12000
59500
63500
53500
22000
27500
37000
16000
119000
30000
96500
36000
62000
50000
17000
20500
21500
72000
32500
34000
16500
11500
32000
26500
23500
36000
69000
18500
88000
33500
43000
465500
116000
82000
20000
34500
28500
352500
206500
384500
473500
49000
19000
16000
12500
45000
49500
38500
33000
372500
348000
32500
210000
104500
32500
24500
97000
69500
73500
130500
33500
10500
10500
25500
31000
41000
39000
19500
275500
155000
46500
13000
28500
237500
33000
140000
70000
133000
53000
16500
33000
108500
145500
33000
37500
455500
220500
48000
47500
93000
90500
77500
16000
37000
36500
150000
13000
15000
31500
148500
14500
60000
12500
15500
42500
40500
16000
149500
19500
16500
34000
124000
44000
23000
131500
42500
14500
28500
68000
55000
170000
26500
74000
32000
48500
116500
50000
52000
118000
18000
466500
45500
19000
31500
55000
17000
36500
121000
10000
17500
147000
40500
25500
29000
74500
34500
105500
68500
137500
13000
21500
20000
89000
40000
14000
258500
110000
460000
42500
97000
83500
149500
15500
50000
59500
461000
20500
17000
16500
22000
28000
30000
30500
31500
224500
34000
93000
26000
41500
29000
45000
12500
20000
20000
16000
46000
10000
27000
150000
14500
44000
27500
105500
41500
49000
118000
39000
45000
50000
106500
141000
47500
19000
44000
13000
19000
20500
10000
118500
19500
45000
259500
13500
51000
110500
34500
60000
342000
44500
38500
42000
145500
47000
28000
46000
23000
38500
204500
142000
198500
11500
20000
86500
28000
78500
51000
134500
36000
45500
35000
103500
14500
367000
208000
39500
49500
28500
46500
323500
50000
40500
17500
28000
48000
43000
21000
83000
200000
108500
124500
20000
104500
103500
201000
13000
34000
297000
40500
47000
14500
38500
436000
359000
87500
15500
146500
42000
462500
49500
39500
27500
27500
10000
105000
37500
86000
116000
45000
117000
17500
35500
40500
391500
22500
87000
66000
116000
45000
44500
134000
149500
28500
113500
20500
12000
92000
90000
22500
136500
226000
46000
40500
18000
328500
29500
31000
47500
24000
53500
63000
20000
49500
136000
14500
40500
105500
134500
30500
412500
36000
326500
149500
62500
41000
44000
108000
47000
119500
139000
142000
27500
45000
51000
26500
44000
101500
41000
103500
32500
43500
13500
29500
32000
49000
58000
37000
39000
19000
59000
118500
146000
150000
34000
60000
192500
91500
21500
29000
14500
442000
134000
19500
12500
133000
44500
130000
90000
139000
64000
39500
426500
63500
38000
93500
37000
45500
458500
35500
122000
49500
113000
24000
43000
40500
101500
134000
105000
46500
78500
137000
44000
132500
20500
198000
14000
350000
150000
14500
59000
32500
35500
23000
45500
17000
382000
50000
123000
32000
17000
48000
19000
20500
128500
10000
13000
27500
387000
399500
34000
439500
268500
20500
43500
455000
140000
14000
36500
136000
17500
68000
29500
13500
326500
63000
20500
27500
19000
125000
16000
15500
49500
44500
20500
48000
32000
48500
92000
25000
34500
26000
37000
22500
339500
141500
87500
109000
14500
70500
416500
131000
12000
47500
23000
45500
35500
97000
31500
12500
129000
19500
323000
86500
25000
36500
12500
12000
69000
39500
31000
43500
61000
259000
41000
25000
76000
32500
39000
22500
38000
47000
43000
101000
101000
100000
88500
36000
90500
350500
33500
452500
41000
