23000
310500
12000
50000
258500
49500
400500
47000
19000
396500
38000
330000
39000
492000
50000
35500
30500
88500
20000
21500
25000
106000
310000
25500
41000
45500
44000
34500
10500
18500
11000
25000
120000
11500
16500
32000
32500
17500
42500
34000
34000
13000
91500
23000
83000
32500
32000
40000
467000
10500
17000
26500
144500
19000
117500
44000
17500
67500
304500
19500
43000
48500
42000
141000
37000
359500
11000
85000
35500
26500
36000
113000
26500
44500
107000
25000
149000
71500
52500
25000
32000
50000
33500
39000
23000
41000
14500
10500
107000
29000
26500
10000
47000
16000
37500
26000
10500
16000
34000
67500
49000
29000
109000
93500
105000
130500
349000
195000
49000
205000
19500
36500
39500
90000
50000
11000
63000
32000
79000
32500
82500
197000
50000
336500
10500
12000
55500
89000
40000
43000
34500
36500
35000
105500
31000
10000
30000
126000
46000
39000
10500
77500
30000
24500
38500
37000
44000
36000
94500
44000
36500
39000
13500
43500
26000
145000
81500
103000
74000
42000
82500
359000
19500
45000
46500
391000
25500
314500
37000
25000
223500
78000
73500
75500
116000
69000
465000
37500
100000
96500
107500
12000
49000
103500
37000
24500
65500
83000
307000
12500
134000
18000
74500
30000
10000
134000
28500
13500
14500
140500
144000
113000
41500
22500
13000
33000
20500
40500
148000
32000
18000
144500
45500
184000
65500
63500
44500
14500
78000
26000
36000
28500
105000
19000
38000
107500
205500
35500
44000
47500
43500
40500
90500
148500
36000
17000
41500
46500
33500
90000
10000
110500
378500
370000
49500
24000
23000
44000
139000
81000
10500
108000
34500
37000
142000
206000
148000
32500
22000
42500
26000
103000
10000
269000
38000
43000
29500
21500
38000
260500
22000
43000
40000
71000
13000
42500
10500
137500
30000
46500
10500
44500
23500
141000
45500
42500
121000
118500
15500
20000
148000
15500
122500
11000
29000
39000
19000
90500
24500
11500
25000
88000
22000
46000
469000
13000
11000
10000
36500
40000
476500
140500
12000
24000
17500
46000
37500
31000
56500
40000
31000
26000
20500
50500
50000
72500
12000
15500
137500
82000
48500
93000
11500
25000
13000
38500
455500
83500
19000
49000
38500
33000
77000
17500
90000
42000
117500
40000
23000
39000
21500
18500
48000
49000
17000
45000
103500
11500
49000
75500
34500
18000
25500
109000
21500
40500
119500
28500
138000
67500
26000
27500
97000
44000
49000
44000
48000
88500
41000
74000
34000
25000
51500
131000
267000
34500
25000
34500
20500
54500
17500
12000
23500
240500
42000
30000
78000
128000
38500
38000
42500
45000
28000
144000
40500
18000
45500
34000
17500
36000
363500
94000
142500
43500
244000
19500
92000
38500
281000
23000
26500
39000
140500
35500
38000
75000
388500
79000
43000
29000
121500
13000
30500
36000
212500
60500
21000
441500
410000
28500
19500
40000
50000
27500
35500
29500
411500
24000
14000
11500
18000
22000
13000
139000
129000
49500
28500
35500
39000
82500
26500
33000
253000
261000
94500
34000
88500
117500
88000
48000
72000
296000
81500
28000
65500
23000
216000
24000
34500
24500
14000
10000
15000
15500
44000
149500
235500
135500
34500
28000
490500
35500
82500
32000
17500
20000
11500
34500
83000
105000
40000
28000
36500
37500
77000
482000
48500
11000
40000
41500
102000
75000
45500
379000
117000
12500
27500
37000
33500
43000
25000
33000
19500
15000
44500
65500
15000
55500
17500
39500
22500
14500
26000
16000
27500
125500
85000
14000
114000
31000
23000
35500
42000
18500
24500
19000
40500
30000
19500
46000
96500
493500
18500
59000
18500
137000
46000
11000
34500
24500
112000
40500
27000
10500
30000
100500
10500
16500
39000
14500
112000
297000
374500
18500
74000
12500
46500
45500
51500
22500
35500
19000
419000
116500
474500
10000
52500
106000
19500
41000
50000
419500
127500
32500
148000
38500
37000
468000
134500
126500
109000
111500
27000
12000
33000
52000
136500
16000
56000
10000
58500
389500
31000
22000
48500
67500
259000
40500
392500
130500
20000
59500
141500
44000
14500
45500
143000
72500
265000
52000
38000
31000
12500
146500
23500
31000
41500
36500
443500
126500
244500
27000
91500
42500
57500
147000
31000
20500
103000
33000
14000
10500
33500
17000
21000
42500
20500
18000
10500
41000
105000
48000
40500
32000
93000
59000
28500
18000
309500
41500
105500
44000
13000
45000
11500
330500
11500
22500
10000
57000
38000
10000
90000
213500
27000
25500
20500
11500
139000
76000
22000
19000
149500
138000
59000
26000
21000
12500
103500
41000
49500
46500
308000
133500
22000
140500
164500
62000
126000
137500
72000
13000
26500
16500
130000
80000
37000
25500
44500
101000
38500
144500
21000
63000
43000
13500
84000
48000
35000
42000
34000
38000
21000
141500
31000
22000
161500
27500
16500
40500
14500
40000
105500
450500
50000
72000
62500
26000
27000
215000
72500
26000
19500
21500
91000
40000
49500
141000
12500
18000
80500
14500
42500
69000
52000
11500
37000
46500
119000
61000
47500
121500
131500
395500
25500
229500
467500
12000
129500
212000
29500
36000
37000
75000
14000
39500
43000
19000
164500
93500
15500
14000
45500
27000
284500
295500
55500
38500
192000
39000
17000
124000
52500
26000
37000
20500
25000
344000
37500
406000
115000
33000
22500
36500
37500
62000
149000
24500
37500
48000
118500
105000
22000
43000
19000
79500
388000
68500
12000
14000
26000
12000
59000
62000
42000
26000
26500
36500
87500
15000
116500
95500
482500
49000
129500
90500
15500
17500
220500
19500
33000
80500
139500
144000
17000
99000
46500
35000
10500
50500
37500
44500
108500
111000
98500
112000
129000
62000
23000
13500
147000
28500
48000
19000
37000
107000
37000
38500
31500
52500
85500
26500
42000
10500
13500
38000
136500
493000
10000
46500
436500
41500
32000
39500
39000
12000
404000
46000
10000
106500
22000
21500
10500
102500
10000
14000
47500
37500
30500
43000
118000
45000
202000
35500
32000
49000
41500
24000
15500
44500
35500
43500
144000
29000
37000
15500
13000
29000
20500
150000
34000
114000
13500
225500
16000
26500
98500
71000
76500
50000
55500
37500
27500
86000
134000
19500
49500
28500
49500
40500
20500
31500
60500
114500
45500
120000
51500
449000
136000
13500
41500
140000
185500
139500
267500
30000
14500
120500
31500
17500
59000
10000
111500
403000
16000
25000
12500
28000
122500
30500
43000
27000
22500
17500
43000
64500
19500
33000
35500
410000
43500
39500
19500
143000
372500
78500
42000
43500
18500
299500
32000
23000
32000
69500
28500
29000
39500
129000
36000
31500
16500
131500
44000
44500
26500
68000
101500
46000
42000
37000
25500
330500
104000
111000
10500
29000
77000
20500
34500
43000
87000
33000
486500
13500
20000
44000
45500
11500
291000
119500
94500
12000
24500
13500
107000
18000
78500
42000
16000
27000
37000
115000
13000
107000
48000
94000
95500
40000
306000
25000
367500
41500
36500
144000
22000
45000
64000
44500
23000
259000
46000
12500
33000
46500
40500
23500
42500
64500
34500
44500
20000
131500
39000
23500
128000
101000
14500
69500
218000
37000
35500
113500
138500
28000
37500
10000
146000
37500
19500
105000
31500
29500
25000
87000
29500
78500
71000
26000
76000
44500
34500
28500
35500
37500
147500
48500
19500
49000
38000
34500
84000
44500
138500
136500
60500
17000
16500
132500
50000
103000
76000
89000
43500
12500
14000
60000
44000
121000
86000
17500
40500
27000
70500
36500
122500
48000
37000
86000
80500
30000
24500
27500
27500
13500
31000
108500
22500
49500
47000
20500
123000
74500
26000
27500
48000
141000
43500
441500
73500
125000
107000
11500
236500
116500
35000
293000
29000
79500
110500
82500
102500
107500
31500
71000
35000
23000
447500
79500
408500
13500
30500
47000
23500
32500
111000
42000
44000
64500
117000
40000
405000
23500
46500
12500
49500
104500
41000
47000
94500
124000
20000
113500
11000
436000
261000
118000
10000
28000
48000
32500
40500
149500
41500
38500
26000
10500
28000
65500
246000
73000
47000
193500
43000
73500
364000
46000
10000
78500
43000
117000
90000
34500
30500
49500
12500
32500
19500
254500
24000
103000
50000
12000
101000
14500
15000
33000
246000
173000
39500
35500
43500
42000
47000
211000
20500
12000
38500
16000
37500
30500
27500
31500
48500
65000
66000
18000
357500
63000
38500
36000
37500
49000
26500
82000
84500
10500
69000
30500
78000
16500
13000
25000
12000
47000
147000
69000
18500
140000
10000
20500
39000
145500
52500
26000
370500
29500
116500
21000
412000
25500
40500
88500
30000
20500
14500
109500
80000
480000
52500
139000
104000
42500
24000
119500
89500
97000
137000
14000
17500
38500
11000
100500
34500
70000
11000
69500
39000
76000
138500
73000
22500
29500
37000
41000
40500
88500
18500
23500
37500
72500
34000
132000
81000
75500
434000
344000
126000
50500
15500
168000
30500
23000
40500
94500
23000
58500
351500
102000
13000
48500
265000
106500
98500
46500
34500
25500
53500
129500
136000
11500
50000
46000
146500
10500
35000
33000
62500
17500
14500
41500
62500
367500
12500
42500
44500
13500
140000
150000
126000
29500
21500
40000
87500
15500
75500
134000
16500
17500
17500
124000
103500
62000
138000
31500
68500
45500
132000
45500
42000
38500
29500
116500
45000
12000
39000
480000
84000
30500
29500
43000
34500
27500
28500
31000
111000
35500
65500
48000
363000
43500
39500
42500
34000
101500
23000
36500
36000
143000
12000
45000
77500
35500
47000
100000
126500
26000
48500
55000
330000
103500
19500
84000
206500
134000
45500
39000
10000
16500
41000
47000
34500
20500
38500
26500
29000
102000
114500
16000
41000
107000
42000
132500
21500
37000
65500
40500
26500
39500
42000
90000
46000
29000
48500
46500
77000
91500
15000
27000
75500
16000
72000
219500
45000
20500
290000
48000
49000
102500
31500
93500
47500
39000
39500
20000
45500
140500
99000
83000
410000
96500
35500
25000
23500
115500
210500
91000
43000
47500
42000
51000
115500
484000
20000
60500
496000
36000
37500
12000
47000
41000
21500
39000
69500
446500
376000
42500
440000
100000
16000
70000
135000
128000
42500
65000
24000
100000
104000
110500
301000
77500
51000
41500
50000
116000
30000
26500
23500
25000
77000
82000
96500
488500
35000
57500
20500
209000
110500
72000
26500
23500
20000
28500
14000
382500
30000
35500
122000
17500
135000
32000
92500
105500
31000
10500
59000
101500
119000
129500
100500
40500
120000
45500
30000
15500
19000
14500
33000
25500
70000
26500
116500
29500
21500
79500
18000
39000
14500
127500
107500
96500
40500
139500
15000
12000
102000
42000
59000
12000
20500
96500
26500
101500
146000
22500
52500
133500
50000
442000
13000
69500
12000
66500
36000
45500
37500
14000
29500
20000
138000
33000
99500
40500
102500
32500
28500
119000
12500
462000
36000
123500
228000
41000
95500
27000
37000
258000
49500
57500
120000
16000
394500
144500
28000
245000
46500
39500
27000
139000
22500
126500
82000
84000
32500
114500
86500
37000
27000
16500
110500
40500
43000
92500
52000
26500
55000
45000
109500
112500
25000
31000
421000
23000
42500
26000
45500
23500
100000
23000
21000
46500
40500
25000
11500
133500
148500
87500
71000
31500
69500
40500
37000
27000
45000
14000
15500
74500
38500
73500
130000
91000
36000
49500
58000
115500
45500
10000
111000
46000
40000
42500
115500
42500
132000
26000
27500
143500
17500
441500
40000
12500
59500
103000
37500
197500
51000
137000
100000
37500
46000
22000
51500
43000
487000
36000
112500
132000
43000
32500
97500
263500
23000
98500
57000
119000
15500
319500
44500
25500
61000
49500
47000
12500
11000
46000
119500
28500
391000
44500
47500
38000
79500
16500
85500
24000
58500
22000
133500
24500
285000
124000
101000
38500
14500
38500
151000
18000
18000
40000
58000
123000
245500
31500
34000
42000
14000
141500
30000
37500
10000
33500
23000
37000
285000
43500
378500
47000
24500
11500
288000
211500
43500
10500
38500
33000
40500
241000
12500
130500
89500
144000
12000
128500
145000
44500
205000
41000
43000
56000
35500
12000
36000
132000
39000
25000
144000
29000
22000
95500
50000
110500
42000
37000
494500
123000
116000
56000
35500
44000
19000
45500
18000
132000
47000
92500
42500
43000
60500
59000
10500
76000
143000
259000
24000
13500
32000
85000
28000
408000
28000
220500
14000
26000
33500
47500
45000
49000
143000
31000
17000
14000
44000
80000
59500
92500
79000
55000
175500
448000
388000
49500
238000
38000
10000
19000
44000
26000
92500
342500
46500
32000
142500
34500
28000
64500
135000
32500
34500
24500
30500
13500
11000
344000
114000
36500
385000
13500
23500
36000
199500
81000
40000
141000
26000
147000
129500
45500
26000
144000
127000
11000
26000
326500
11000
14000
100500
42000
31500
10000
12000
47000
18500
46000
110000
14500
452500
46000
110000
48500
18000
32000
19500
46500
109500
448500
34000
482500
48500
23000
139000
32500
71500
28000
335500
13000
94000
121500
42500
122000
14000
80500
38500
427000
46500
15000
35000
22000
52000
15500
36500
30500
12500
14500
100500
15500
89500
15000
104500
37000
30500
40000
19000
48000
85500
75000
25500
123000
43000
110500
23500
31500
18000
87500
398000
89500
39000
47500
21000
274000
97000
120500
101000
15000
16000
61500
73500
76000
79500
86000
126500
148000
88500
94500
37500
45000
36000
45000
14000
59500
82500
24000
19000
47000
17500
15000
13000
62500
107500
29000
67000
61000
12000
20000
64500
97500
79500
23500
114500
45500
335500
57500
24500
215500
31500
45000
25500
131500
17000
43500
41500
11000
20000
456000
18000
23000
462000
24500
29500
29000
38000
135000
25500
76500
135500
36000
175500
122000
49500
17500
28500
33500
370500
141000
47500
37000
106000
376500
34000
121500
73000
60000
43000
23000
39500
16000
21500
50000
41500
142000
279000
215500
84500
20000
83500
13500
102500
16500
201500
50000
323000
480500
323000
149000
404500
86500
36500
39500
31500
47000
89000
41000
99500
16500
22500
327500
31000
133500
40000
43000
30000
21000
32500
32500
390500
11000
14500
48000
47500
78000
26500
291000
40500
102000
90500
425000
67500
157000
33000
457000
20500
31000
82500
14500
16500
110000
15000
74000
20500
17000
124000
44500
40500
93000
30500
38000
19500
125000
45500
37000
254500
471000
89500
33500
26000
120000
136000
104500
43500
16000
10500
12000
38500
15500
244500
12000
293500
23500
55000
43000
83000
17000
38000
36000
46500
19000
36500
145000
35500
38500
87000
74000
14500
97000
72000
21500
35000
29500
47000
115500
37500
74000
19500
185500
24000
23500
116000
24000
18000
25000
454500
15000
12500
40500
27000
29000
115500
351000
72500
36500
78500
16500
89500
20500
46500
16500
27500
29500
46500
54000
15000
25500
208500
21000
12000
10500
14000
143000
35500
37500
57500
60500
343000
19500
36000
31500
60000
36500
34500
19000
24000
16000
98500
82000
49500
47000
485500
33500
36000
128500
122000
33000
13500
36500
113000
43500
105500
306500
35500
12000
30500
91500
137500
22000
49000
22500
21000
339500
51500
111500
14000
277000
190500
49500
30000
20000
28000
35500
42000
115500
122000
22000
24500
10500
476000
21000
25000
19000
106000
49000
131000
31000
44500
142500
50000
182000
138000
41500
95500
93500
49000
183500
33000
78000
31500
14000
18000
276500
44000
56000
13500
39500
88000
34500
28000
342500
19500
11000
25000
473500
36500
43000
217000
81500
11000
30500
35000
15000
23000
112000
48500
32000
468500
195500
140500
334000
15000
35500
26500
46500
10000
46500
15500
33000
49500
59500
14000
11500
47500
32500
27000
29500
146000
24500
20000
90000
99500
16500
68500
10000
77500
45000
25500
417500
13000
70500
38500
22500
93000
228500
37000
29500
28500
21000
24500
248000
293500
28500
66000
91000
106500
44000
11000
48000
24500
34500
12000
24500
367000
55500
57500
14500
147500
10000
33500
50000
21500
36000
185500
312000
92000
464500
50000
118000
71500
208000
26000
43000
84000
79500
119000
41000
36500
146000
44000
34000
46500
35500
145000
102500
494500
19000
48000
12500
33500
64000
16500
15000
30000
38500
462000
12000
44000
20000
34500
40000
29500
111500
28500
120500
305000
14500
47000
34000
23000
55500
71500
21500
57000
16500
66000
25500
35500
44500
58500
44500
11500
47000
59000
422000
35500
72000
360000
81500
28500
38500
82000
40500
20000
17000
126000
12500
11000
76000
23500
63000
38000
28500
21000
32000
30500
11500
12500
150000
369500
24500
144000
58000
14500
404000
46500
40000
40000
49500
16000
369000
39500
113500
29500
23500
50500
21500
89500
65000
70000
83000
118000
170500
106500
10000
14500
377500
413500
46000
49500
131000
86500
39500
90000
22500
25500
17000
281500
11000
67000
33500
20000
277500
10500
177000
22000
214500
46000
77500
40500
12500
49000
105500
22500
24500
12000
366500
11000
44500
32000
128500
145500
14000
11000
47500
12500
153000
120000
50000
387000
44000
334000
470500
21000
153500
19000
449000
49000
139500
112500
31500
58000
32500
136000
35000
15500
40000
149000
19500
31000
47000
46000
89000
47500
45000
31000
86500
36500
35500
25500
104500
36500
17000
35500
75500
29500
28500
197500
34500
32000
37500
90500
38000
24000
22500
261500
41500
19500
178000
20500
48500
10500
12000
100000
17500
281500
26000
47000
24500
55000
20000
32500
11000
39500
28000
50500
24000
37000
23500
16000
23000
34000
31500
40500
11000
200000
47000
30500
97500
270500
105000
223500
14500
10500
26500
37500
38000
61000
470000
46500
281500
82500
46500
37500
32500
16000
13000
22500
44000
116500
148500
453500
32500
143000
490000
26500
87500
40000
36000
31000
32500
19000
29500
130500
22500
138500
85500
50000
39000
326000
14000
12000
10000
37500
121500
400000
118500
36000
43000
20000
72000
123000
26000
45000
116000
33500
133500
332500
43500
32500
17500
72000
103000
38500
14500
115000
46500
25000
127000
80500
44500
27500
33000
19000
105500
13000
104500
44500
465000
30000
367000
15000
333000
89000
71000
26500
65500
30000
34000
19000
38000
397000
10000
52000
35000
32500
65000
99500
71000
367000
26500
54000
14000
23500
147500
262500
18000
47000
14000
140000
94000
36000
41500
50000
101500
183500
37500
113000
39000
116000
95500
38000
218000
140000
36000
79000
14500
40500
114500
374500
63500
12500
45000
112500
73500
107500
22500
30500
386500
90500
18000
19000
40000
99500
20000
46000
48000
31000
38000
133000
146000
45000
49000
33000
17000
316000
50000
29500
27500
30000
25500
84500
38500
393000
48500
43000
119000
31000
82500
13000
38000
47500
25000
48000
76000
131500
107500
130500
82000
44500
35500
81500
46000
62500
29500
35500
48000
35000
37500
27500
43000
87000
135500
29000
34000
116500
112000
29500
117000
11500
129000
149000
129500
46000
46500
126000
15000
12500
44500
37000
43000
98500
40000
119000
30500
53500
138500
22000
415000
100000
31000
75500
35500
16000
11000
47500
86000
63500
24500
21500
25500
38500
45000
43000
146500
140500
23000
38000
34000
128000
31000
17000
37000
107500
32500
93500
22000
111000
40000
41000
15000
28000
15000
93000
30000
86000
336500
29500
92500
28000
137000
22000
19500
36000
123000
23500
46000
90500
104500
60500
22000
43500
32500
16000
19500
45000
51000
112000
91000
74500
24500
11500
31500
219500
50000
130500
15000
125500
48000
116000
37500
27000
46000
29000
45000
129000
142000
38500
207000
46500
142500
21000
286500
93000
29000
22500
38000
11000
112500
17000
21500
41000
146000
10500
128000
150500
18500
69000
33500
44500
20500
48500
127000
141500
130000
21500
40000
40500
33500
29000
38500
16500
39000
317000
46000
135500
148500
40500
47000
22500
23500
33500
21500
17500
39500
21000
43500
385500
11000
65500
17000
78500
67500
43000
116500
41500
442000
14000
239000
10500
21500
20000
52500
32500
15500
134000
12000
12000
35500
44500
15500
129500
40000
42500
29000
16000
10000
29000
91500
42500
130000
23000
132000
48000
39000
33000
39500
40500
15000
44500
461000
39000
57000
22500
290500
15000
41500
42500
136000
12500
49500
45000
35000
30500
26500
50000
42500
105500
19000
10000
28500
100500
29500
123500
42000
44500
367500
41000
40500
17000
26000
26000
91000
415500
248500
27500
439000
98000
44000
25000
53500
32500
485000
34000
43000
10000
43000
17500
22000
43000
31000
19500
91000
26000
29000
21500
16500
140000
11500
48500
23500
323500
252000
22500
15000
18000
32000
21500
28000
25000
23000
23000
32500
36500
21000
47500
11500
33000
14000
45000
18000
32500
42500
140500
136500
32000
91000
90000
34000
45000
16000
387500
78500
25000
29000
45000
22000
39500
66500
14500
114500
12000
89000
36000
22500
27000
77500
145000
246000
145000
50000
101000
35000
48000
23500
28000
21500
56500
118000
48000
384500
15500
21000
210500
22000
52500
17000
30500
150000
27500
140500
39500
85500
21500
47000
31000
11000
20500
46000
17500
78000
33500
15500
19500
49000
14000
20000
47500
109500
72500
67000
30500
21000
302000
21000
15500
20000
35000
30000
107500
61000
98000
76500
30500
13500
40000
13000
26500
70500
116500
39500
256500
388500
38500
87500
32500
68000
13000
64500
40500
45500
58500
22000
67500
20500
24000
80500
47000
46500
28500
110500
47000
36500
22000
17000
23500
97000
19500
77000
49000
40000
389000
102500
43000
83500
24000
126500
44500
17500
120000
99000
43000
39000
85500
32500
384500
15000
49500
122500
43500
27500
33500
196500
133500
171500
93000
135000
26500
21500
19000
44000
32000
88500
37500
437500
26500
30500
24500
48500
45500
56500
45000
37500
38000
43000
112500
82000
34500
148500
34000
436000
163000
252500
84000
12000
40500
33500
40000
64500
50500
106500
23000
278000
253500
93500
121000
32500
32000
35000
20500
133500
12500
40000
57000
27500
36500
19500
34500
22500
240000
438500
14500
32000
29500
31000
69500
32000
28500
37000
98000
62500
30000
81500
20500
42000
66000
42000
16000
43000
12000
20000
23000
39500
31000
136500
36000
35000
14500
21000
23000
26000
97500
51500
415500
41500
21000
120500
295500
107000
27500
17500
17500
40000
21500
22000
43000
12500
48000
25000
386000
145000
38000
40000
144500
21500
16000
48500
99500
27500
32000
38500
127000
385500
65500
14500
12000
75000
103500
16500
150000
129000
15000
19000
43500
45000
12500
43500
84000
47000
122000
23000
14000
23500
64000
36000
99000
23000
21500
15000
43000
41500
43500
48000
52000
34500
50000
40000
24500
46000
470500
54000
58500
45500
38000
31500
45500
29000
38500
360500
139500
125500
130500
18500
44000
111500
10500
101000
41000
46500
37500
34000
49000
343000
101000
49500
17500
156000
12500
23000
18500
127000
43500
30500
34000
68000
34000
32500
34500
87000
32000
40500
36000
16000
120500
18500
45000
40000
49500
48000
40500
139500
40500
51000
14000
48500
33000
150000
120000
10000
119500
13000
24000
128500
395500
132000
109000
102500
71500
50000
31000
135000
23000
425500
40000
103000
40500
39000
38000
32000
35000
49500
78000
67500
47500
22500
360000
41500
80500
146500
84500
131000
73500
43000
61000
39000
27500
29500
34000
92500
67000
124500
30500
120500
56500
18000
13500
49500
16000
148000
384000
12500
28500
31500
23000
20000
114500
239000
184500
304000
158500
48500
30000
17000
14000
122500
16500
27000
24000
106000
42500
466500
116000
37000
100500
35000
46500
234000
12000
143000
196000
12000
121500
13000
83000
13000
11500
142000
123500
74000
478500
25500
137000
26000
137500
96000
420500
26500
119500
35500
78500
24000
29500
23000
143500
37500
14000
138000
45500
49500
11500
31500
28500
115500
50000
48000
22000
45500
147000
48500
21000
436500
144000
17500
41000
27000
477500
141500
31000
49500
19000
69500
81000
21000
488000
19000
19000
29000
103000
42000
124000
21000
107500
92000
14500
47000
76000
48500
15500
42500
203500
36000
27000
81500
115000
87500
34500
30000
31500
23500
10500
11000
46000
79000
14000
122500
39500
21000
20500
414000
24500
490500
47500
27000
16000
74500
115000
24000
43500
39500
28500
23000
42500
123000
54000
20000
48000
84500
93500
66000
60500
211000
46500
45500
27500
45000
48500
78000
49000
30500
101000
42500
43500
60000
25500
67000
16500
297000
10000
119500
15000
254000
26500
116000
10500
42000
42500
40000
30500
33000
267000
144500
43000
28500
42500
89500
15500
116500
23000
70500
45000
48500
23000
21500
33500
18000
222000
93000
490500
59000
37000
51500
140500
40000
124500
80500
55500
67500
29500
86000
15000
30000
38500
41500
41500
13500
46000
46000
21000
32500
145000
418000
285000
111500
30000
134000
34000
20500
34000
19000
11500
58500
136500
18000
148500
27000
489000
30500
16000
123500
104000
21000
23000
43500
42000
133000
49000
45000
10000
127000
11500
104000
94500
40500
495000
96000
98500
49000
83500
19000
39000
353000
30000
22500
36000
21500
10500
29500
12500
43500
129500
38000
23000
117500
27000
41000
39500
94000
49500
73000
36500
124000
66000
32500
26500
454000
34000
39000
91500
19500
28500
111000
44000
146500
131000
27000
24500
142000
374500
85500
25000
403000
23000
68000
304500
98500
11500
27500
47000
73000
28000
81500
282500
193500
20000
16000
14000
70000
396000
31500
98500
14000
45500
17000
19500
497500
75500
139500
40500
40000
32000
133500
41000
145000
77000
21500
14000
161000
20000
28500
63500
11500
48500
146500
10000
36500
48000
15000
20000
99500
107000
16500
40500
48500
79000
31500
23500
89000
34000
16000
98000
40000
48500
32000
28000
140000
49500
12000
23000
72000
22000
42000
94500
51000
86000
43500
210000
97500
100000
80500
36000
86500
43500
64500
10000
35500
43000
19000
38000
35000
57000
145500
40000
143000
123000
120000
34000
25000
140500
17000
22500
43500
15500
10500
41000
104000
26000
14500
16000
48000
39500
196000
32500
79000
275500
192500
28000
98500
19500
32500
59000
32500
36000
47500
42500
48000
41000
34500
83500
12000
40500
45500
113000
30500
116500
196000
18000
144000
119500
80000
16000
90500
43500
12000
47500
65500
36500
19000
44500
39500
38500
20000
147500
374500
96000
82000
28500
100500
49500
362500
47000
27500
123000
50000
49500
172000
497000
21500
17000
116500
32000
17000
30000
13000
432500
28000
27000
34500
37500
78000
41000
66500
32000
36000
83000
37000
22000
34500
112000
25500
28500
14500
126500
19000
20000
26000
48500
106000
33000
20000
36000
29500
45500
124000
400000
47500
36000
35500
205500
12500
49000
16500
103500
56000
88000
171000
26500
13500
80000
113000
115500
27000
482000
118000
127500
358500
112000
50000
14500
30000
84000
226000
13500
24500
304000
137000
101000
55000
37000
11000
11500
14000
46000
43500
32500
35500
29000
452500
94000
86500
15500
78500
28500
371000
57500
43500
49000
28000
14500
28000
31500
458500
25000
18000
125500
84000
109000
16500
24500
64500
54000
23000
49500
35500
42500
10000
13000
45500
10500
39500
38000
31000
31000
24500
35500
18000
34500
40000
93500
28500
357000
48000
20000
50000
130000
405000
128500
16000
34000
43000
130000
48500
66000
289000
25000
116500
12000
77500
34000
117000
106500
36500
30500
73500
22500
10000
92500
367500
40500
64500
22500
37500
41500
25000
107000
58500
32000
112500
25000
23500
61000
63500
26500
82000
15500
36500
47000
33500
43500
55000
18000
182000
20500
21500
25000
75500
35500
47000
45000
46500
71500
25000
88000
273000
54500
41000
21000
70000
128000
135000
40500
15000
18000
37000
44000
137500
15500
42000
12000
22500
105000
28000
29000
23500
133000
63000
20000
76500
32500
94000
74000
57000
31500
45500
354000
42000
481000
14500
49000
31500
13500
13500
37500
42500
77500
296500
20000
99500
92500
144500
86500
32000
11500
54000
109500
21000
31500
175000
492000
126000
121500
41500
37000
132500
133000
38000
39000
23500
44500
12500
49000
58000
22000
40000
91000
12000
30000
98500
14500
21500
132500
35000
25000
79500
123500
478500
137000
10000
39000
19000
120000
39500
19500
30500
146500
46500
89500
19500
11500
295500
18500
55000
50500
124500
35500
36000
81000
89000
36000
100000
46500
25000
28000
27500
117000
23000
139500
118500
382000
289500
346000
11000
107500
204000
46500
33500
23000
67000
34000
111000
10500
23000
33000
16500
40000
118000
118500
209500
35000
148500
114500
31000
98500
29500
24500
28000
79500
117000
43500
56500
39000
98500
38000
24000
59000
14000
437000
111500
26000
25000
96500
38000
454000
23000
42000
35500
149500
107500
36500
12500
228000
39000
42000
38000
31500
93000
452500
12500
42000
45000
26500
161000
24000
372500
24500
29500
16000
125000
57000
12500
40500
13000
19000
125000
14500
482500
43500
33000
31500
96500
407500
35000
20500
300500
32500
22500
36000
40000
76000
121500
103000
140500
17500
47000
15500
45000
364000
93000
129000
309000
103000
68000
67000
10000
33500
11000
118000
36000
25000
20500
58000
30500
72000
47500
98500
75000
23000
22000
36000
44000
35000
31500
12000
17500
84000
121500
27000
31000
75000
64500
344500
29000
28000
20000
106500
113000
129500
23500
52500
37000
113000
112000
53000
17000
132000
20000
86000
27500
78000
374000
94500
73500
12000
144500
39000
135500
22500
64500
11500
44500
125000
15000
142500
70000
39500
122500
50500
57000
50000
25000
114000
80500
45500
211000
163500
115500
29000
118500
44500
37000
75000
27500
40500
100000
337500
32000
91500
21000
24000
46500
17000
57000
18500
18000
113500
25500
24000
21500
149500
36000
15500
113500
14000
344500
24000
95000
61000
18000
20000
54500
33000
313500
21000
24000
45000
58500
463500
34500
99500
44500
37500
36500
18000
26000
87000
16500
50000
131500
126000
25500
20000
46000
42000
101500
44500
30000
26000
18000
85000
249500
32000
27000
27500
15500
137000
38000
25000
76000
20500
13500
14500
21500
131000
48000
137000
130000
34000
21500
140500
23000
84000
15500
24500
29000
31000
108500
17500
135000
65500
24500
25000
45000
23000
445500
78500
32000
113500
119000
117500
73000
416500
18000
36000
54500
324000
23000
173000
71000
25500
28500
397500
79500
109000
142000
39000
48500
35500
48000
142500
386500
17500
140500
29000
29000
34500
44500
41500
87500
31500
47500
27500
10000
103500
41000
121500
27000
138000
78000
12000
24500
106000
17000
17000
87000
92500
16500
23000
97500
17000
28500
35000
71500
78000
33000
467000
40000
124500
136500
439000
40000
22000
39500
38500
28500
83000
375000
43000
458000
13500
130500
17000
33500
27500
27000
30000
14500
183500
88500
209500
81500
12000
30000
44500
287000
27000
55500
51500
22000
56500
184500
133000
207000
28000
22500
11500
22500
22000
144500
45500
24500
31500
10000
146500
12500
24500
19000
126000
35500
39000
16500
101000
203000
16000
37000
464500
81500
16500
146500
138000
37000
98000
252000
18500
18500
42500
26000
14500
172500
41000
58500
40500
10000
118000
48000
39000
24500
22500
18500
16500
16500
16500
150000
42000
293500
39500
96000
26000
17000
45000
22500
36000
100500
31500
25500
42000
105000
10500
43000
34000
19000
109000
37500
31000
101000
33500
113000
24000
45500
111500
40500
48500
189500
10000
11000
448500
118000
63500
45500
36500
36500
19000
57500
35500
12500
30000
101500
458000
479500
12000
42500
42500
45500
282000
19000
28000
27500
29500
11000
26500
18000
24000
15500
63500
48000
108000
10000
41000
31000
41500
26500
121500
44500
40500
14500
448500
51000
96000
143000
154000
40000
128500
43500
32000
90500
89500
37500
10500
361500
127000
71000
150000
44500
43500
18000
176500
28500
10500
34500
41500
27500
93000
30500
37500
21000
48500
14000
105000
149000
77000
48000
45000
405000
83000
56000
96500
33000
145000
22500
36500
126500
86000
25000
10500
14500
32000
407500
102000
61000
365000
268000
137500
67000
345000
47500
32500
43000
59000
40000
78000
118500
248000
16500
35000
26000
50000
26000
29500
272000
110500
359000
56500
24000
22000
44500
32000
38500
399000
38000
364000
36000
48500
42000
199000
21000
27500
34000
190000
19500
48000
71000
30500
40000
13500
99500
25000
51500
32500
39000
115500
36500
21500
20500
101500
14000
136500
125500
13000
50000
84000
43500
34500
107500
26000
17500
43500
367000
126500
19500
21000
52500
43500
114500
27000
336500
45000
68000
44500
39000
36500
20000
13500
28500
17500
77500
26500
97000
47500
88000
372000
53500
19000
98500
39000
19000
19500
102000
379500
90000
17500
38500
47500
38000
45500
13000
13000
346500
24500
35500
462500
26500
14500
23000
19500
11500
90000
89500
84000
36000
107500
66500
11000
284000
484500
39000
42000
19000
22000
50000
43500
17500
15500
87500
77500
41000
40500
184500
45000
29000
11500
391000
96500
105000
82000
107500
20000
163500
138500
13500
40000
44500
37000
27500
37500
95000
16500
70000
87000
146000
136000
42500
109500
31500
77500
387500
374500
36000
45000
18500
311000
269500
366000
39000
191500
102000
30000
37500
35500
145000
100500
294500
42000
26500
86500
22500
299500
27000
79000
22500
20500
103000
12000
44000
97500
248000
128500
218000
23000
128000
36500
119000
74500
222500
44500
31000
51000
22000
57500
46000
39000
21000
99000
428500
48000
31000
35000
36500
14500
36500
50500
26000
20500
49000
49500
20000
42000
104500
39500
92000
33000
440500
40500
35500
75000
55000
42000
77000
64500
36500
54500
21000
31500
141000
24000
19500
18500
32000
77500
134500
86500
16000
21500
95500
66000
91500
37500
279000
37000
100500
15000
435500
22500
16500
25500
10000
88000
13000
98500
127500
40000
40000
20000
390000
25500
19500
131500
64000
430000
19500
23000
148500
145500
53000
130000
134000
28500
75500
47000
36000
486500
28500
47500
138500
109000
373000
96500
21500
231000
150000
27500
43500
10000
140500
34500
36500
38000
10000
16000
111500
49500
83500
23500
14500
116500
152000
16500
33500
258000
39000
70000
122500
48500
15000
124500
17000
121000
25500
31000
376000
191000
142000
43500
28500
22000
18000
26000
115500
84500
43500
20000
21500
118500
456500
11000
21000
134500
43500
37000
10500
15000
110500
23000
21500
112500
42000
134000
42000
60500
44000
28000
12000
466000
81000
310000
75000
33000
30500
22500
12000
31500
464500
126000
93500
19000
38000
192000
27500
46500
29000
47000
13000
42000
45000
40500
21500
14000
260500
44500
468500
80500
45000
30000
22000
118500
10000
44000
24500
73500
90000
21500
18000
33000
64500
21000
17500
121000
112000
24500
124000
48000
76000
23000
42000
14000
63500
60500
28500
72000
479500
19500
44500
57000
16000
105000
11500
73000
40500
11500
65000
88500
153500
233000
145500
43500
30500
99500
147500
48500
118500
128000
47000
41500
137000
41500
34500
86000
13500
52500
14000
87000
85000
148000
19000
36500
26000
19500
48000
24500
90000
28500
40500
13000
418000
155000
18000
21000
112500
28000
25500
311500
42500
33500
40500
15000
43000
144000
30500
31500
25500
201000
50000
115000
18500
123000
32000
12500
41500
16000
125500
39000
33500
62000
12000
12000
20500
148500
52500
56000
25500
28000
14500
19500
105500
47500
22500
80000
13000
62500
118500
20000
22500
43000
31000
129000
32000
407000
12000
105000
47500
36000
104500
35000
29500
21500
20000
10500
48000
36500
85000
422000
40000
61000
41500
97000
34000
49500
43500
20000
70500
13500
22500
141000
13000
29000
58500
155000
41000
64000
24000
33500
29500
234500
27000
91500
339500
49000
18000
47000
115500
40000
36000
26500
54000
201000
35000
135000
11000
78000
13000
61000
77000
42500
385000
65500
136000
41500
309000
21000
35500
47000
34500
44000
38000
48500
47500
45500
30500
58000
220500
54500
134500
37000
25500
67000
102500
30000
41500
216500
104500
33000
37000
389500
28000
49500
421500
12500
15000
278500
33500
24000
374500
82500
117000
17000
39000
116500
24000
90000
42000
36000
20000
48000
172000
97500
30500
488000
43500
10500
34500
34500
141500
96000
57000
39500
24500
348000
93500
68500
22000
112500
16500
92500
421000
42500
38000
13500
45000
95000
13000
23000
20000
66500
39500
27000
46000
39000
18500
17500
107500
43500
37000
50500
19000
14500
37500
43500
35000
115000
35000
423500
103500
147000
65000
38500
14500
146500
13500
129000
42500
61500
22500
33500
14000
51500
12500
60500
38000
30500
72000
136000
15500
15000
14500
11500
51000
62500
27500
85000
29000
172500
57000
13500
113000
42000
49000
72000
17500
103500
438000
13000
21000
102500
76500
39000
117000
24500
39000
32000
31000
127000
20000
17000
63500
252500
41000
143500
45500
90500
47500
368500
37500
38000
92000
132000
137500
54500
40000
28000
141000
226000
16500
142500
20500
33000
102500
50000
27000
91500
39500
99000
26500
60000
28500
40000
47500
14500
12500
16000
139500
35500
14500
109000
15500
28000
15000
144500
379000
30000
20500
35000
62500
149500
124500
17000
44000
11500
46500
57000
24000
17500
443000
24500
11500
31500
78000
34500
25500
39000
48500
10000
12000
41000
457000
45500
25500
14000
40000
36000
125000
54500
12500
36000
11500
101000
15000
83000
50000
11000
31500
72500
29500
466000
16000
20000
139500
13000
48500
16000
126000
44000
113500
38000
150500
35000
28500
22500
164500
34500
15500
17500
87500
79500
47500
48000
12500
46000
62000
82500
30500
37000
23500
102000
40500
167000
128500
91000
20000
13500
47500
50500
36000
413000
20500
48500
112000
37000
49000
40500
18000
131500
354500
40500
35500
48000
95000
151500
97000
27500
48000
46000
40000
49500
62500
24500
59000
27000
210500
10000
89000
28500
90000
77500
46000
86000
20500
25500
39000
12000
94000
235000
31500
46000
29000
40000
35000
19500
25500
56000
35000
433500
91500
11500
16500
22500
13500
22000
75500
33000
23000
55500
87500
12500
47500
50000
88000
325500
115500
49000
29000
36000
178500
133000
61000
102000
43500
103000
21000
43500
35000
45000
99500
84500
17500
37000
148500
183000
33500
38500
43000
62500
58000
33000
72500
379500
24000
65000
317000
45500
143500
98500
53000
90500
16500
15500
138000
143000
23000
74500
25000
46000
30000
17000
34500
64000
47500
284000
140000
11500
37000
107000
22000
464000
43000
452500
25500
22500
10500
115000
31500
25000
33500
120500
16000
96000
21000
38000
71500
88000
114000
400000
43500
158500
42000
214000
22000
115500
83000
11000
124500
123500
38500
46000
44000
19000
50000
25500
43500
12000
19500
139000
77000
132500
44000
31500
37500
36500
30000
11000
436000
45500
136500
52000
12500
29500
37000
18500
355000
26500
105500
44000
35500
21500
121500
18000
12000
40500
62000
50000
42000
191000
10000
22000
29000
495500
295500
22000
52500
67000
13000
110000
40000
18000
113000
39500
119000
20500
33000
84000
103000
13500
15000
142000
210000
16000
32500
44500
17500
20500
17500
37000
17000
204000
26500
353000
115500
17500
42500
32500
36000
34500
15000
82000
20000
270000
39500
375000
333500
23000
23000
135500
78500
22500
13500
415000
13000
44000
16000
100000
37500
24500
107000
118000
44500
411000
19500
195500
467500
143000
46500
17500
91000
21000
28000
128000
80500
44000
71000
130500
106500
84000
32500
24000
142500
51000
48000
104000
21000
27500
34000
18500
43000
32500
55000
29500
97000
32000
41500
19500
43000
52000
21500
82500
32000
49000
31500
28500
45500
387000
22500
48000
39000
24000
472000
96000
460000
109500
19000
46500
41000
17500
10000
44500
21500
45500
488000
42000
16500
11000
45500
22000
139000
18500
146500
19500
26000
48500
363000
34000
41000
36000
110500
68000
351500
45500
106500
12000
124000
31500
60000
30000
84500
37000
16000
19500
37500
49000
58500
16000
94000
18500
145500
45000
60500
46500
24500
136000
28500
20000
284500
41000
104500
75000
38500
115000
44500
91500
82500
22500
34000
109000
25500
29000
20000
25000
15000
11000
22000
37500
32500
32500
42000
10000
28000
434500
331000
131000
57500
233500
31000
95000
146000
80000
33500
30500
146500
28500
35000
139500
11500
127500
47500
105000
147000
67000
40000
107500
37500
127500
20000
25000
10000
60000
39000
43000
37500
49500
37000
12000
206500
100500
10500
37500
55500
109500
40500
42000
15500
19000
228000
30000
39500
119000
12500
51500
21000
16000
44500
208500
35500
40000
23000
42500
39000
40500
47500
126500
69500
105000
47000
278000
43000
39000
37500
106000
48500
27000
476500
12000
19500
17500
17000
44500
26500
22000
23500
52000
143500
459500
15000
39000
103500
50000
350000
13000
49500
79500
27000
26000
172000
86500
33000
28500
30000
35500
23000
18000
10500
46000
41000
28500
30500
97000
126000
21000
346000
25500
31500
462500
30000
132000
19000
117500
12500
27000
40000
35000
36500
38000
127500
42000
116000
30500
132000
490500
28000
24000
63000
37500
29500
57500
19000
219000
23500
33000
28000
45500
28000
31500
21000
10000
22500
32500
95000
26500
102500
49000
492500
12000
38000
29000
30500
28500
94000
12000
45000
97000
65500
44500
35000
133500
48000
20000
18000
42500
32500
58500
27500
26000
27000
24500
21500
61500
38500
42000
24000
88500
45500
308500
36500
61000
50000
29500
136000
10000
410000
115500
11500
14500
46500
119500
482000
30500
49000
287500
128500
104000
10000
27000
140000
68500
32500
30500
36500
323000
35500
11500
154500
37000
29000
37500
106000
37000
46500
29000
24500
42500
22000
424000
13500
32000
39000
13500
38500
80500
35500
33000
410500
57000
304500
144000
103500
123000
55500
105000
69000
38500
107500
31500
147000
26500
26500
41000
39000
38000
27500
63000
399500
16500
15500
150000
46000
48500
38500
87500
23500
19000
16500
37000
49000
49500
37000
16500
52000
48000
20000
37500
92500
39500
94500
21000
122000
74500
197000
22000
20000
316000
42500
136500
40500
18500
290500
14000
93500
72000
41000
132000
63500
40500
48500
69000
69500
29000
71000
55500
37500
57000
90500
14000
38500
104500
44500
113000
123000
69500
24000
46500
37000
113500
89000
297000
217500
119000
24500
49000
126000
284500
57500
23000
195000
43000
105000
114000
11000
32500
31500
93000
82000
106500
104000
499000
54500
112000
33500
23000
22500
20500
37000
82000
115500
28500
34000
15000
22000
23000
38000
158500
33000
421000
40500
107500
20500
55000
27500
48000
22000
431000
37000
96500
36500
37500
13500
65500
36000
50000
32500
22500
488500
97500
35500
20000
28500
125500
23000
124000
93000
36500
34500
47500
36500
33500
124000
118000
339000
83500
114500
116000
81500
269500
338500
36500
98000
140000
107000
15000
127500
223000
116000
294000
15000
227500
26000
108500
46500
129000
10000
14000
108500
30500
18000
17500
33000
18500
67000
46500
14500
199500
11000
18500
47500
26000
23000
384500
27000
10000
33000
35000
96500
40500
119000
23500
48000
74500
81500
341500
144000
33000
88000
118000
386000
86500
17000
86000
147000
18000
195500
26000
237000
10000
30500
13000
120500
16500
117500
23000
35500
135500
211000
46500
39500
46500
14000
21500
39500
35500
139500
18500
180000
19500
17500
85000
22000
20500
38500
21000
37500
24000
128500
20500
45500
39000
37500
125500
38000
132500
15500
17500
29000
15000
47500
112500
25000
26500
41500
12500
44000
26000
40500
23000
123500
37500
18500
49000
420000
63500
46000
19500
26500
113000
23000
393500
29500
240500
39500
34500
26000
456500
45000
19000
34500
40000
39500
127500
40500
260500
41000
30000
44500
29000
31000
60500
94000
31500
22500
11500
10500
34000
97000
34000
49500
14000
29000
142000
207000
32500
42500
45000
20000
55000
21500
46500
337000
48500
29500
10000
34000
19500
144500
50000
137000
44000
114500
85000
373500
40500
20000
15000
91000
173500
40000
46000
288000
302000
103500
266000
34000
462000
39500
45500
96000
22000
13000
39500
133000
112000
299000
27500
34000
108500
21500
29500
27000
178500
38500
41000
46000
26000
69500
15500
12000
129000
38500
18500
40000
38500
304000
41500
27000
348500
40000
147000
17000
40000
32500
451500
50000
144000
110000
66500
21000
62500
33500
500000
24500
41500
37500
37500
13000
326000
421500
31500
23500
44000
199500
18000
25500
139500
62000
61000
49500
32000
35000
19000
29500
24500
22500
20500
21500
317000
35000
81500
111500
30500
101000
42000
114000
32000
39000
403000
116500
50000
47500
97500
38500
25500
93000
12500
19500
261000
30500
66000
44500
48500
36500
37500
16500
44500
45000
17500
33500
390500
49000
118000
46500
50000
294000
112000
49000
41500
24500
22500
142000
182500
38500
27500
17500
43000
33500
99500
38000
11500
47500
13500
11000
38500
374500
15000
119500
388500
86000
58500
131500
52500
374500
109500
12000
28500
108500
12000
305500
17000
21000
109500
38500
124500
45000
49500
89000
141500
49000
49500
322000
25000
17000
211500
284500
29000
138000
34000
31500
15000
18000
29500
137000
64000
385000
46000
31500
189500
27500
24500
29000
35000
107500
28000
39500
30000
38000
31000
33500
38500
28000
21000
122500
60000
31500
43000
30000
42000
46500
40000
42000
130500
132500
136000
102000
46500
19500
17000
45500
45000
41000
38500
35500
422000
48500
122000
107500
33500
119500
158000
27000
57000
32000
110500
63500
448500
14000
83500
50000
136000
47000
41500
10500
47000
37500
20500
64000
16500
114000
14000
144500
237000
19000
26500
139000
19500
128500
280000
357000
46000
36500
76000
26000
122500
110000
47000
66500
19500
17500
27000
26500
31000
137500
36000
102000
42000
50000
35000
13500
51000
29000
24500
219000
31000
39500
32000
47000
111000
148500
21000
147000
128500
37500
46500
10000
99000
43000
110000
41000
23000
133500
10000
35000
36500
147000
23000
35500
10000
49500
35000
73500
44000
223500
25500
18000
22500
396500
70500
42500
75000
51000
36500
46000
31500
15000
45000
24000
349000
83500
24000
10000
24000
73500
35000
37500
149500
119000
201000
36000
