14000
44500
123500
49000
75500
33500
19500
105000
12500
147000
44000
18000
42000
40000
39500
145000
13000
18000
56500
37000
21000
108500
44500
67500
102500
10500
21500
15000
141000
43500
36500
17500
50000
127500
50000
122000
12500
17500
17500
314000
45000
46000
23000
44000
76500
81000
110500
43000
59500
31000
119500
47000
43000
46500
36000
39000
11000
118000
42000
13500
45000
41500
146500
54000
20500
14000
84500
66500
69000
481500
34500
49000
85500
71500
92500
128000
38000
77000
33000
47000
84000
19000
57500
23000
69500
16000
66000
118500
33000
54500
40000
21000
12500
40500
40500
50000
17500
32000
52000
54500
40500
69500
43500
24000
18000
137500
112500
137000
375500
116500
12000
30500
18500
16500
36500
22500
66000
18500
11000
62500
117000
52000
59500
41500
24500
29000
10500
379000
62000
12000
19500
148000
324000
17000
25500
59500
24500
36000
477000
130000
246000
203000
207500
17000
43500
12000
146500
18500
75000
99500
45500
41500
123500
130500
118000
18500
89500
13000
11500
48000
33500
435000
40500
10500
66000
22000
43500
64500
27000
58000
19000
480500
33500
483500
83000
117000
47000
74000
23500
32000
267500
186500
40000
32500
17000
42500
279000
29000
484000
100500
27000
127500
121500
239000
30000
43000
82500
49000
49000
179000
141500
213000
19000
114500
35500
47000
34000
31000
16000
128500
46500
10500
132000
10000
55500
108000
22500
134000
109500
28000
22500
247000
115000
29500
54000
13000
277500
130000
24000
240500
20500
156500
43000
105500
18000
54000
42000
42000
40500
43000
29500
13000
10500
23000
15500
135500
23500
11500
19500
14500
142000
100500
29500
59500
31500
32500
44000
39000
19500
12000
18500
30500
421500
312500
43000
32000
26000
14500
47500
50000
13500
143000
31000
29000
19000
199500
14000
24500
36000
35000
23000
27000
126000
23500
135000
93000
93000
33000
109500
129000
46500
100500
207000
93500
267500
248500
69000
66000
31000
145500
46000
29000
33500
47500
73000
50000
18500
20500
25500
101500
31000
58000
41500
45500
13000
22500
67000
15500
38500
56000
28500
11000
67000
132500
17000
93000
27500
61000
46500
413500
28000
40000
43000
41500
484000
86000
26500
120000
46500
23500
100500
230000
70000
18500
17500
119000
38000
261000
35500
19000
13000
36000
24000
23000
10500
38500
13500
47500
44500
14000
15500
103500
140500
33000
38000
11000
48500
26500
35000
29500
210000
70500
13500
116500
17000
66000
40500
33500
61500
40500
450500
13000
50000
27000
33000
41000
33500
45000
15000
40000
49000
36500
31000
107500
19500
70500
47500
24000
45500
45500
26500
65500
99000
23500
21000
109000
39000
19000
427500
50000
18000
32500
123000
45500
35000
19000
86000
58500
144500
63000
133000
37000
50000
21500
59500
22000
16000
369000
337500
50000
48500
125500
22000
38000
86500
439500
40000
30500
421000
145500
32000
24000
142500
83500
137500
96500
38000
23500
125000
47500
31500
31500
20500
42500
21000
36000
30500
44500
106000
37000
89000
45500
27500
138500
36500
136500
374500
36000
490000
42500
27500
105500
74500
433500
134000
44500
118000
52500
20000
18000
12500
44000
22500
60000
43500
32500
15000
46000
50500
85000
30500
28500
21000
43500
59500
18500
11000
54000
75000
46000
141500
14500
327000
107500
17500
273500
46000
139500
30000
21000
49000
104500
240000
205500
127500
446500
36500
45000
47500
134000
41000
34000
394500
48000
105000
31000
19000
23500
74000
142500
32500
96500
65000
17500
83500
17000
18500
91000
12500
29500
100000
31000
145000
74500
42500
19500
121000
118000
100000
32000
19000
15500
134000
108000
44500
44000
45000
20500
149500
140000
42000
266000
27500
15500
39000
89000
41500
85500
27500
99000
78000
50000
31000
15500
47500
113500
18500
107500
235500
70000
11000
393000
30500
20000
18000
42000
78000
61000
29500
15500
43000
29000
14500
11500
68500
110500
38500
32500
10000
30500
31500
37000
10500
31500
227000
29000
124500
42500
110500
40500
14500
41500
13000
16500
381500
77500
88000
30500
31000
20000
278500
62500
132500
138000
34000
67000
30000
57500
29000
90500
13000
384000
370500
17000
88500
32000
43500
101000
112000
38500
27000
23500
123000
45500
17000
18000
81000
28500
21500
19500
77000
18000
18000
11000
38000
30000
11000
242000
39500
56000
34000
89000
412000
122500
61000
10000
137500
49000
23000
24000
41000
42000
133000
46000
298500
142000
90000
102000
48500
90000
21000
28500
25500
129500
149000
121500
166500
77500
114500
15500
44000
129500
117500
481500
62000
356500
33000
43000
12500
22000
106500
122500
16000
10500
481000
95000
147000
123500
393500
30500
20500
47500
47000
22500
14000
24000
114500
10500
27500
93500
147500
119500
15000
69000
36000
50000
268000
47500
44000
138500
150000
105000
104000
111500
44000
270500
410000
109000
474500
162000
124000
104500
33500
103000
102500
35500
17500
38500
143000
14000
14000
18000
46000
392500
43500
46000
46500
126000
105500
45500
21500
15500
11500
205500
96000
103000
110500
51000
25000
47500
30500
21000
44000
18000
43000
39000
13000
39000
380500
18000
10500
46000
29500
116500
49500
57000
11500
21500
22000
26500
46000
38500
126000
44500
27500
33000
46500
13000
119000
14000
133500
43500
39000
14000
13000
17500
55500
16500
39500
47500
36000
285000
82000
20500
89500
24000
35000
227500
96500
50000
24500
29000
22500
29000
151500
75500
73500
41500
26500
101000
68500
13500
64000
33500
27500
35500
47500
42000
108000
93000
27000
21500
31500
86000
447500
48500
43500
57500
246500
52500
41500
207500
11000
48000
18500
47500
15500
24000
469000
52000
142500
40000
70000
21000
52000
107500
16000
35000
27000
36500
16000
43500
40000
16000
27000
12500
34000
130000
39000
136500
17000
30000
82000
28000
226000
21500
116500
385000
79000
82500
21500
17000
46500
48500
23000
43500
31000
432000
76000
115500
308000
424500
389000
111500
50000
53500
95500
39500
18500
38000
28000
111500
34000
83500
74500
17000
22500
28500
17500
124000
281500
111500
45500
22000
124000
34000
135000
31000
41500
471500
15000
55000
34000
312500
22500
489000
116000
40500
33500
76500
26000
25000
106500
27500
37500
42500
23000
216500
483000
25500
13000
103500
25500
31500
473000
39500
43500
31500
28000
46000
42500
34000
43500
239500
102000
29500
17000
20000
469500
270000
20500
48500
25000
276000
41500
102500
27000
394000
49000
26500
77000
18000
15500
32500
25500
17000
13500
16000
197000
114000
61500
109500
452000
48500
103500
447000
32500
46000
147000
337000
31500
12500
49500
55500
43000
142500
105500
36500
66500
20000
19000
21500
37500
47500
14500
144500
17500
48000
36500
222000
24000
62500
77500
27500
68500
45500
11000
26000
104000
114500
29500
70500
29500
38500
28000
40000
14500
51500
45500
29500
379000
365000
10500
39000
69500
97500
15500
103000
71000
134000
43500
46000
17000
22000
114500
20500
39000
28500
86500
43500
60000
67000
11000
15500
105500
149500
47000
41000
43500
102500
32500
45500
45000
25000
30500
41000
461000
111000
354000
18000
42000
29500
137500
23000
484500
125500
127500
140000
35500
94000
138000
11000
16000
53500
22500
111000
10000
67500
13000
116500
20500
34500
69000
112500
18500
25500
86000
35500
27500
93000
150000
143000
27500
10500
401000
124500
44000
34500
48500
12500
27500
94500
18000
50000
134500
56000
316000
440500
25500
42500
10500
263000
74500
70000
56000
48000
138500
43500
25500
68000
39000
117500
318500
48500
18500
35500
45000
122000
25000
48000
31000
111000
42000
45000
24000
119000
124500
12500
32500
119000
25500
21000
73500
122500
28500
70500
73500
111500
281000
59500
45500
52500
14500
11000
115500
13500
35000
52500
50000
127500
34000
118500
138000
39000
146000
280500
40000
25500
17500
39000
14500
64000
35500
11000
33500
15500
101500
48500
13500
17500
13000
38500
21500
149000
28000
24500
13500
85000
35500
115000
25000
13000
14000
116000
40000
33500
48000
130500
80000
67000
81500
63000
33500
42500
47000
11000
14500
10000
29000
42000
67500
430000
37500
14500
83500
109500
126000
128500
42500
22500
103000
35000
150000
19000
31000
19500
178000
93500
56500
181500
20500
21000
11500
391500
19500
99500
10000
316000
70000
23000
50000
110000
85500
23000
82000
18500
32000
20000
28000
137500
17500
47500
123500
130500
465500
44000
44500
101500
168500
26500
110500
44000
39500
27000
366000
31500
88000
136500
95000
46500
47000
28500
34000
29500
14000
26500
35500
27500
32000
42000
47000
34500
99000
40500
59000
41000
39500
19000
53000
29500
18000
95000
82500
142000
107000
119000
105000
49500
145500
29000
30500
136000
37500
123000
17000
24500
118000
82500
47500
42000
43500
11000
45000
46000
40500
50500
26500
111500
11000
84500
43500
105000
86000
43500
33500
365500
35500
14000
103000
48000
38000
133500
31000
23500
146500
144000
30000
129500
15000
11500
12500
41000
12000
36500
285000
37000
142500
38500
40000
22000
38000
382000
22000
106000
29500
15000
176000
15000
57000
38500
21500
18500
125500
148500
264000
48000
32500
18000
139500
40000
37000
203500
140500
27500
16500
63000
20500
95000
33500
30000
37000
80500
102500
31500
50000
34000
44500
72000
428500
46500
39500
148500
31000
145000
44500
74500
44500
36500
30500
95500
21000
34000
48000
54000
33000
40500
109500
123500
11500
20500
45500
139500
120000
289500
126000
42000
28000
121500
119500
32000
422500
30500
68500
11000
233500
46000
43000
109000
449000
15500
43000
147000
122500
15000
133000
45000
496500
42500
150000
44000
41000
33000
88500
18000
35000
18000
27000
16500
493000
147500
129000
146500
41500
16000
40500
22000
39500
41500
44000
147000
138000
33500
41000
19000
54000
66000
44500
45000
414500
66500
35000
22500
203000
304500
25000
148500
103500
26000
46000
39500
40500
84000
131000
487500
28000
80500
44500
17000
40000
13000
51000
16500
55500
81000
42000
34500
13000
18500
37000
88500
143000
20500
33500
62500
37000
46000
50000
43000
495500
187500
23500
115500
37500
19500
27500
117500
140500
111000
39000
49500
112500
61000
43500
17500
44500
71500
30500
39500
33000
45500
266500
143500
14000
70500
21500
40000
113000
30000
82500
17000
52000
12500
22500
18500
13000
137000
16500
39500
22000
35500
23500
132000
30500
29500
26000
16500
35500
480000
21000
135000
129000
74500
50500
56000
18500
39000
46500
41500
205500
371000
81000
73500
110000
48000
45000
29500
50000
130000
97500
145000
24500
20500
181500
277000
68500
27000
197000
15500
43500
59000
131000
18500
27500
98000
136500
12500
42000
29500
48000
28000
427000
126500
32000
34500
45500
26500
39500
30000
38000
401500
24000
48500
59500
101500
35000
37500
17000
18000
41000
125000
18000
89500
388500
11000
22500
33500
25000
50000
40000
404500
98000
32500
19000
103000
222000
48500
41500
25000
27000
14000
44500
12000
10000
39000
138500
17500
49000
33000
135500
41000
22500
19500
54500
144500
24500
38500
106000
43000
39000
31000
289500
10500
126000
29000
30000
12500
45500
18500
33500
15500
38000
40500
14500
68000
103500
106000
19500
13500
258500
44000
21500
24500
19500
16500
70500
45500
123000
133500
16500
33000
38500
148500
136000
43500
72500
39000
39500
125500
44500
35000
51000
48000
310000
25000
17500
86000
59500
47000
48500
37500
455000
14500
25000
23000
498500
47000
34000
20500
11500
58000
25500
470000
22000
35500
137500
15500
99500
260000
28000
13500
102000
48500
31000
32500
121500
34000
42500
140500
54500
18500
10000
31500
20500
19500
94000
65000
143500
122500
34500
93500
71500
80000
373500
49500
90000
31000
24500
14500
42500
330500
15500
197000
31500
27500
260500
87500
20500
65500
84500
44500
19500
213000
39000
26000
25000
84500
46000
94000
19500
50000
58500
27500
45000
46500
469500
32500
264000
27000
36000
100000
269500
37000
65500
476000
44500
13000
17500
112000
28500
26500
139000
25500
52500
62000
46500
19000
143000
118000
41500
87000
29500
169500
301000
381000
51000
12500
75500
37500
13000
26500
31000
132000
149000
35000
36000
49000
346500
20500
27500
20500
36000
46000
99000
98500
43000
88500
94500
59500
25500
47000
23500
45000
49500
43500
136000
432500
70500
148500
55500
25500
116000
42000
27500
76000
110500
41500
10000
16000
88000
67500
130500
23500
46500
55500
10000
80000
139500
42000
38500
23000
411500
48500
34500
28000
39000
46000
86000
71000
43500
383500
33000
99500
37000
18500
38000
240000
49500
12500
44500
63500
33000
28500
23500
42000
44000
133000
45000
10000
91000
13500
25500
20000
47500
29500
44000
18000
46500
139000
117500
56500
28500
40000
55000
48000
77500
19500
25500
37500
39500
36000
34500
24500
44500
37500
11500
14500
18500
14500
53000
343500
39000
12500
15000
131500
44000
36500
42500
25000
27500
117000
68500
41500
39500
41500
349000
17500
395500
205000
34000
42000
14500
12000
131500
31500
19500
45000
25500
50000
74500
11500
132500
43000
34500
32000
27500
36500
333000
14500
116500
27000
109500
488000
28500
48500
12500
32000
13000
45500
93000
69500
25000
103000
10500
47000
318500
69500
40500
12000
45000
23000
110500
92000
66500
10500
471000
28000
42500
391500
47500
419500
130500
49000
33000
13500
36500
44000
36000
48000
41000
40500
420000
316500
146500
39500
55000
24000
143000
27000
36000
140500
46000
102500
78000
66000
128500
69000
455500
21500
26000
38000
17500
109000
25000
285000
10500
26500
22500
28000
28000
45000
39000
33000
137500
49500
49000
110500
42500
14500
447500
85000
147500
244000
22500
17000
82000
43000
389000
37500
19000
44000
173500
49500
22000
13000
121500
28000
19000
29500
301000
40000
106500
32500
127500
458000
30000
103500
71000
129000
129000
296000
26500
26500
119500
48500
37000
35000
13000
122000
13500
48500
15000
17500
29000
108500
46500
33500
50000
49500
21500
432500
260500
25500
85000
47500
30500
51500
42500
50000
46000
122000
15500
359000
53000
58000
16000
14000
73500
237500
33500
16500
79000
34500
141500
70000
38000
21500
22000
15000
136000
49500
19500
22000
48500
70000
37000
18000
29000
424500
59500
148500
15500
409000
279000
46500
424500
125500
43000
36500
120500
49000
33000
47500
133000
82000
321500
21500
22500
14500
27000
456500
37500
26500
42500
20500
63500
36500
312000
19500
61000
25500
10000
10000
150000
70000
30000
11000
110500
47500
41000
144000
54500
45500
12000
108000
14000
115000
28000
114500
100500
37000
26500
135500
38000
18000
75000
128500
78500
11000
74500
35000
44500
95500
45500
124000
10500
25000
251500
112000
48000
43000
32000
144000
138500
32500
15000
81000
65000
28000
43000
43000
30500
43000
28000
114500
87500
42500
147000
138000
124000
38500
130000
47500
12500
44500
102500
101000
363500
45000
45500
25500
480500
20500
256500
187500
13000
20000
38500
22500
320000
32500
45500
105000
15500
41000
29000
95000
45500
397000
48500
149500
171000
26000
369000
27500
29000
44000
47000
48500
45000
116000
47500
71500
438000
32500
146000
88500
16500
20000
43000
10500
115000
92000
41500
45000
31000
65500
23500
35000
45500
24000
403000
30500
203000
36500
77000
55000
35000
19500
28500
24500
11500
49000
148500
17000
49500
92000
15500
40000
473000
94500
41500
48500
40500
39500
36000
25000
39500
36000
15500
33000
112500
44000
380000
21000
10500
95500
25500
400000
39000
46500
122000
44500
23500
335500
263000
140000
137000
466500
26500
12500
26000
147000
18500
90000
22000
40000
31000
73000
31500
35000
111500
113500
108000
95500
415000
10500
85500
11500
30000
87500
35000
72000
15000
18500
36500
10500
126500
308500
14500
11500
12500
14000
47000
116500
10000
128500
46500
34000
122000
37000
401000
17500
35500
22500
44500
49500
14500
51000
33500
70500
17000
33000
81500
34000
22000
40500
14000
34500
66500
41000
122000
112000
78500
423000
146000
78000
28000
35500
76000
249500
38500
23000
114000
49500
53000
23000
105000
20000
410000
33000
27500
41500
11000
155000
28000
109500
93000
36500
14500
96500
34500
244000
63500
160000
65000
202500
47500
100500
26000
211000
301000
10500
41000
34500
77000
445500
32500
12000
73000
49000
48000
17000
45500
26500
49500
22500
18500
41000
19500
42500
43500
30500
15000
24500
407500
21000
43000
28500
37000
379000
267500
392000
16000
375500
48000
12500
127000
26000
229500
50000
32500
21000
62500
37000
48000
40500
117000
69500
40500
99000
45500
22500
122000
49000
12000
22000
134000
68500
48500
124500
31000
39000
47500
135000
73000
32000
105000
18500
61500
18000
94500
35500
22000
33000
14500
287500
44000
61000
75500
56000
38000
72500
32000
153500
17500
73000
36000
24000
16500
27500
22000
91500
66500
427000
46500
23500
309000
67000
49500
15000
16000
23000
90000
45500
122000
19500
24500
90000
11000
61500
252000
22000
39500
270500
17000
67000
34000
42000
13000
320000
19500
15000
26000
12500
307500
92500
27000
34000
128000
24500
59000
47500
110000
40000
103000
143000
27000
40000
23000
103000
42500
22000
43500
89500
33000
30000
121500
12000
18500
28000
22500
36500
23500
79000
14500
101500
295000
105500
141500
95500
14500
64500
51500
467000
30500
73000
40000
23500
39000
114500
96000
86000
133000
86000
24500
49000
114000
152500
42500
107500
173000
131000
48000
58000
11500
45500
34000
87000
41500
39000
38500
46000
25500
60500
20000
33500
26000
30000
32500
105500
38500
43000
90000
100500
16000
10500
101000
23000
22500
139000
46000
24500
37500
93000
55500
37500
59500
40500
17500
183500
75500
47000
38500
178000
29000
26000
149000
43000
38500
39000
48500
103500
23500
413500
89000
122500
44500
36500
50000
69000
26500
36000
48000
41000
33500
13000
39500
71500
21500
44500
318500
39000
266500
31500
50000
61000
43500
22500
294000
110000
29000
19500
49000
12500
428000
93000
57000
395000
55500
106000
22000
21000
119500
117000
45500
25000
47500
16000
98500
28500
130000
48000
24500
46000
24500
42500
38500
13000
28500
149500
119500
139000
40500
40000
49000
32000
88000
30000
18000
64000
32500
119000
138500
101000
16000
49500
16000
49500
18500
44000
15500
36500
44000
479000
34000
10500
109500
54000
27500
40500
24500
133500
39500
28000
240500
49500
28500
20500
137500
29000
16000
100500
453000
98000
119500
18500
32000
42500
21500
71500
255500
25500
28500
36500
12500
16500
241000
16000
33000
41000
39500
15500
36000
32000
135500
29000
34500
35000
89500
39000
124000
73500
123000
28000
76500
454500
121500
42000
112500
30000
28000
26000
43500
127500
45000
134000
13500
27500
85000
32500
31500
49000
107500
32000
284500
304000
55500
25000
398000
33000
24500
67500
53000
31000
40000
13000
91500
38500
49500
144000
42500
12500
32000
48000
107500
17500
124500
33000
54000
38500
13000
42000
16500
103500
18000
24500
26000
104500
100500
79000
39500
130500
39000
46500
112000
147500
27500
61000
114000
14000
22500
34000
26000
15000
41000
49500
44500
44500
375500
37500
144000
51000
58500
27500
43000
121500
16500
63500
463500
12000
37500
48500
27000
30000
17000
233500
12000
100500
24500
21000
117000
130500
41000
10500
18000
14500
19500
17500
42500
25000
466000
34500
57500
39000
21500
309000
75500
44000
25500
88500
87500
395500
57500
120000
88000
45500
44000
114500
214500
47000
20500
134000
91000
45000
36500
26500
489000
36500
49500
322000
27000
16000
83500
22500
29000
39500
14000
22000
37500
16500
37000
150500
36500
40000
105500
396000
26500
93500
243500
404500
333000
42500
150000
104000
45000
357000
45000
43500
49000
44000
49000
317500
21500
115000
32500
24000
200500
16000
87500
112500
62000
12500
39500
14000
19000
129500
37500
76500
47500
123000
92000
39500
61500
26000
39000
69000
56500
94500
392000
92000
30500
24500
31000
406500
134000
16500
18500
36000
105500
55500
35500
66500
29500
110000
68000
115000
397500
102500
26000
121500
297500
25000
20500
45500
136500
18000
25500
44500
206000
86500
37500
36000
42500
43000
100500
99500
37500
26000
18500
23000
11500
170000
21000
46500
189500
41000
43000
45500
37000
128000
53000
43500
29000
279500
142000
18000
145000
35000
38500
41500
101000
103500
40500
25500
90000
20000
70000
35000
75500
37500
27500
12000
117500
290500
39500
184500
139500
130000
384500
113000
29500
30000
33000
50000
33000
113000
15500
19000
11500
39500
27000
18000
69500
36000
26000
21000
36500
43000
58500
17000
20500
38500
100500
43000
26000
21500
30000
16000
91000
12000
40500
44000
12000
15500
146000
215000
32000
17000
44500
140000
25500
22500
145000
236500
33500
137500
14500
100000
37500
34500
38000
26500
37500
46500
170500
17000
44000
12000
17500
32500
26500
29500
132500
426500
111500
50000
91500
99000
423500
130000
495000
11500
36500
44500
42000
32500
139500
32500
122000
43000
43500
88000
26500
43500
11500
113500
30000
27000
11000
34500
37000
37500
124500
10500
19500
67000
38000
41500
45000
231000
87500
106500
322500
113000
122000
14500
19500
149000
427500
34500
45500
143500
127500
140000
150000
171000
71000
26000
13500
22000
141500
35000
65500
77500
112500
16000
48000
31500
46500
31500
38500
14500
44500
80500
21000
42500
22000
44000
471000
16500
49500
43500
31500
341500
245500
275000
42000
26000
154500
56000
47000
120500
41500
14000
33000
314000
76000
36000
137000
47500
48000
44500
73000
21500
47500
17000
41500
369000
24500
44000
62500
93000
67500
88500
15500
92500
19000
433000
18000
320500
25000
60000
10500
30500
148000
43000
12500
107000
17500
26500
145500
244500
101000
24500
15000
25000
264500
39000
16500
103000
24000
79000
22000
39000
14500
120500
30500
474500
30000
46000
40000
54000
107000
32000
431000
50000
67500
23000
27500
25500
130000
43000
10500
105000
145500
10500
42500
15000
36000
30000
387000
10000
50000
73500
42000
32500
16500
41500
239500
37000
142000
294000
97500
498000
72000
23000
85500
46000
45500
44000
13000
137000
145000
46000
41500
23000
37000
346500
18000
37500
40500
490500
42500
41500
330500
38500
109500
84000
243000
42000
85500
20500
17500
34000
16000
38000
50000
127000
29500
22500
234500
45000
50000
103000
13500
12500
128000
16500
116500
16500
28500
14000
33000
50500
19000
60500
27500
92000
41500
15000
33000
48500
10500
20000
100000
107000
13500
48000
47000
80000
50000
15000
39000
16500
31500
94000
113500
12500
19000
144500
110000
32500
57000
29000
26000
89500
48000
128500
67000
48500
90000
19000
54500
136000
81500
33500
15000
46000
15500
96500
31500
98500
43500
38000
98000
112000
43000
28500
100000
30000
49500
93000
72000
138000
53500
57500
44500
38000
15500
13500
17000
34500
21500
37000
129000
24500
150000
17500
87000
49500
39000
18000
14000
149500
14500
98000
393000
86500
44500
17000
18000
46500
105500
12500
17500
159500
47000
44500
446500
30500
49500
25000
26000
93500
31000
11000
42500
40500
11000
489000
130500
204000
20500
12500
37000
39000
49000
444000
31500
50000
42000
297000
44500
40500
50000
20500
323500
29500
101500
21000
15000
18000
61500
39500
67500
464500
148500
142500
22000
17500
25000
15500
66500
493000
22500
23500
107000
104000
41000
48500
126500
22000
39500
22000
88000
16000
27500
48000
39500
45000
53500
135000
34500
48000
14500
133500
24000
391500
136500
44000
30000
59000
115500
73500
43500
60000
263000
41000
26500
93000
42500
142500
271500
31500
483000
252000
74000
20000
403500
144500
43000
214500
100000
14000
75000
42000
137000
40000
25000
111500
59000
24000
39500
35500
26500
120500
10000
138500
78500
105000
43500
42500
31000
33500
33500
16500
106000
39000
127000
102000
36000
140500
21000
32000
35500
25500
39500
10000
49500
75500
250000
126000
39000
73000
14000
120500
345000
27000
11000
37500
50000
88000
24000
15000
28000
166500
225500
53000
185000
22000
26500
122500
25500
114000
473500
11500
37000
45000
34500
50000
137000
49500
24000
17500
32500
11000
309500
128000
94500
60000
88000
69500
29000
84500
121000
85000
15000
37500
132500
14000
115000
14000
30000
122500
413500
37000
122000
121500
57000
49500
50500
43500
255500
109500
80500
218000
98000
11500
36500
29500
272000
18000
129500
38500
17000
44000
308500
29000
105500
101000
34500
48500
111500
39500
29500
22500
17000
24000
15500
140000
50000
36000
450000
10500
69000
28000
20000
48500
82000
19500
72500
17000
49500
54000
48500
40500
25500
104000
33500
33000
72500
121000
128500
92000
12000
43000
50000
36000
42500
29500
27500
232000
35000
141000
297500
14000
350500
48500
59000
46500
22000
33000
127000
25000
50000
21000
10000
45000
48500
36500
44000
37500
43000
45500
36000
111500
11500
29000
12500
18500
35000
66000
29000
29500
405000
54500
38000
87500
33500
451500
16000
136500
40000
35000
97500
38500
48500
64000
48000
37500
67500
78500
40500
72000
91000
32000
59500
66000
448000
48500
12500
49000
32000
41500
20000
113000
20000
341500
42000
30000
27500
41000
66500
30500
90000
26500
148000
84500
26500
356500
40500
35500
16500
46500
65500
99000
121000
22500
161000
61000
278500
16500
14000
32000
28000
17500
10500
67000
62000
27000
135500
42500
420500
15000
17000
78000
29500
10500
96000
42000
122500
383000
49500
60000
150000
28500
141500
440500
429000
143500
149500
88000
13000
16500
136000
43500
79000
139500
423000
30500
75500
150500
16000
78000
46500
206500
42000
123000
67500
40000
46500
39500
49000
100000
22500
41000
29000
34500
23500
49500
103500
47500
67500
324500
41000
14500
184500
85000
488000
17500
309000
20500
13000
33500
26500
32500
121500
111000
127500
235000
278500
136500
112000
12000
49500
28000
138000
30000
35000
25500
56000
47500
14500
131000
25000
98000
29000
140000
48000
432500
101000
98000
27500
56000
33000
347000
19500
84000
37000
92500
137000
41000
134000
28000
59500
15500
42000
109000
28500
85500
39500
218500
17500
35000
36500
407500
28500
28000
24000
47000
105000
49000
40000
61500
148500
24500
133500
53000
428500
62000
26500
114000
22000
31000
37000
15000
48500
20000
44500
37500
19500
140500
292500
49000
32500
84500
127000
19000
43000
35000
286500
61500
14000
28000
21500
73500
34500
116500
10500
41000
232000
97000
147000
375000
10000
56500
19000
13500
89000
12000
67000
93000
146500
46500
48500
11000
85000
20500
40000
70500
46000
13500
34000
34500
14500
29500
21000
49500
461500
132500
344500
23000
28500
21000
23500
23000
76500
38500
78000
57500
119500
138000
143000
29500
32000
45500
26000
22000
14500
66000
53500
13000
29500
31500
29000
45500
18500
70500
125500
30500
39000
42500
47500
31000
41500
424500
26000
31000
109500
17500
96000
50000
29000
40000
24500
15500
28500
41000
22000
24000
138000
42000
16000
37500
75500
94000
50000
43500
141500
101000
36000
96500
54000
111500
37000
77000
55500
90000
26500
124000
33500
48000
49500
14500
19500
134500
108000
104500
85000
29000
13000
124500
17000
34500
59000
25500
26500
101500
168500
44000
148000
44500
71000
32500
31000
30000
69500
54500
419500
40500
139500
54500
42000
103000
10500
126500
115500
47500
10000
33500
32500
35000
50000
15000
22000
49500
167000
111000
140000
21500
27000
47500
71500
10500
388000
105000
30000
73000
20500
25000
47000
498500
122000
44000
35500
82000
54500
19500
37000
70000
124500
82500
35500
25000
11500
49500
64500
29000
34000
44000
21000
21000
36000
13000
93500
105000
102500
25000
16500
107500
141500
452500
52000
40500
31500
71500
38500
286000
258000
96000
116500
117500
418000
25000
13500
105000
397000
28500
17500
24500
61000
82500
350500
88000
24500
63000
100000
47500
47500
210000
33500
66500
20000
54500
137500
18500
99500
41500
38000
11000
10500
35000
68000
48500
45000
376000
32500
28000
58000
37500
50000
13500
191500
54000
124500
29000
45500
14000
27000
62500
107500
25500
24500
60500
61500
137500
12000
50000
41500
33000
46500
35000
42500
44000
32000
18500
487500
15500
15500
42000
34500
20500
492000
24000
13500
35500
44500
449500
64500
237000
130500
283500
62500
102500
393000
19000
26500
106000
39000
12000
57500
38500
91500
258000
40500
48500
88500
10500
198000
304500
143500
138500
35500
144000
48500
16500
47000
20000
125000
275500
40500
16000
21000
35500
33000
112500
35000
138000
26000
10500
106500
90500
11000
91000
25000
24000
44500
13000
35500
88500
45000
29500
96500
189500
252000
10500
411500
38500
112500
32000
12000
90500
39500
40000
110500
140000
86500
20500
383500
132500
26000
44000
41500
132000
26500
18000
29500
31000
61000
10000
22500
39500
87500
44000
88000
197000
36000
34000
132500
73500
47500
39000
111000
272000
46500
123500
112000
74000
50000
27000
49000
144500
46500
136000
32500
34000
46000
47000
45000
30000
33000
363500
19000
43000
29500
21500
12500
26500
36500
39500
74500
19000
427500
33000
35000
54000
33000
48000
142000
380500
33000
31500
29500
38000
42500
96500
209000
42000
18000
31000
14000
24000
28000
70000
98000
238000
56500
43000
34500
28000
18500
38000
34500
23500
11500
24000
31000
39000
89500
133500
137000
22000
336000
26500
48500
11500
17000
25500
29500
10000
35500
62500
26000
22500
62500
38500
24000
319000
17000
20000
15500
161000
27500
35500
47000
35500
465000
34500
464000
31000
259500
16000
142000
16500
28000
25000
38000
31000
23000
59500
90500
45000
11000
29500
43000
24500
128500
14000
92000
26500
31500
23500
107500
44000
94000
76500
12500
21500
44000
21500
138500
92000
299000
67500
38500
88500
60000
31500
47000
72500
19500
46000
26500
225000
51000
56000
87500
25000
77000
31000
309000
141000
427500
20500
40000
67500
14000
26000
21500
21000
41500
60000
19500
366000
114000
143000
395000
23500
83500
480000
30000
289500
16000
32000
12000
34500
24500
19000
40500
225500
358000
10000
235000
31000
26500
49500
10000
34500
464000
148500
48500
12500
10000
43000
37000
258000
36500
139000
101500
74000
156500
35500
232500
106500
25000
123000
77500
40000
74000
49500
10000
26000
75000
34500
68500
27000
14000
13000
28500
42500
47500
379000
66000
44500
42000
25500
64000
27500
149000
47000
41500
14500
55000
30000
21500
43500
23000
88500
140000
49000
25000
146000
113500
25000
65500
101000
26500
72500
57000
416000
28500
86000
60500
40000
11000
56000
116500
20500
486000
141000
18000
103500
57500
33500
25500
69500
119500
29000
89000
25000
49500
17000
17500
114000
33000
27500
42000
438000
146000
38000
148500
41000
24500
65000
32000
28500
12500
13500
26000
227500
279000
40000
21000
355500
127000
33500
41000
83000
38500
122000
25000
33000
37500
47000
22000
39000
34500
17000
471500
158500
19500
45500
36500
30500
21000
13000
267000
27500
79500
44500
117000
60000
73000
139500
19500
125500
10000
44000
76000
57500
77000
47500
22500
25000
14000
135000
33000
11000
40000
34500
117500
35500
37500
139500
28500
24500
58000
34000
15000
101500
456500
29500
31000
115500
17500
27000
43500
114500
30500
141000
30500
33000
32000
21000
149500
44000
19500
47000
13500
49500
12000
35500
96000
31000
111500
19000
31500
36000
151000
26000
82000
30500
44500
140500
33000
17000
27500
220000
64000
20500
327500
144500
58000
17000
36000
85500
18000
11500
56000
33500
380500
26000
13500
22500
14000
24000
25500
43000
32500
102500
40000
28500
23000
21000
294500
44000
177500
38000
20500
354500
20500
36000
18000
40500
37000
39500
23000
90000
133000
213000
280500
32000
484000
382000
108000
16000
115000
19500
445500
31500
32000
39500
149500
77500
40500
27000
27000
72000
14000
13500
11500
275000
22500
38500
27000
367500
300500
49000
36500
34500
36500
103000
80500
46000
121000
13000
26500
96000
14000
39000
15000
16000
69500
102500
63500
110500
46000
32500
13500
27000
34000
452500
41500
88000
26000
47500
15000
131500
100500
267000
51500
15000
129000
39000
27500
40500
55500
25000
160000
39000
44000
43500
36000
12500
21500
26500
43000
41500
84000
145000
30500
21000
92500
55000
36000
12000
30500
36000
126000
115500
23500
48000
27500
44500
35500
37500
117500
43500
124500
49500
129000
69500
47000
30500
137000
58000
21500
20500
11500
12500
48000
310500
12500
34500
43500
24500
46000
399000
77000
36000
20000
36500
16500
28500
45500
22000
48000
20000
11500
81000
16000
29500
27000
68500
13000
18000
45000
41500
31000
66000
27000
79500
392000
21000
12000
148500
12500
49000
95500
342000
113000
487000
33500
38500
11000
11000
136000
142500
84500
40000
143500
92000
12500
41000
16500
67000
44000
20000
41000
35000
21000
24000
96000
28500
16500
134500
43000
41000
14500
72000
87000
46500
61500
39000
20000
45500
47000
37000
29500
297500
110500
30000
66500
32000
17000
60500
30000
49500
12500
45500
40000
48000
25000
10500
38000
66500
28000
19500
44500
141000
167000
79000
11000
45500
47000
88500
377000
127500
116000
31000
22000
58000
35500
87000
38500
50000
43000
74000
42500
41000
260000
57000
44500
44500
14500
47000
26500
45000
141000
126000
26500
50500
80000
72000
39000
30000
28000
49000
45000
34500
112500
125000
208500
32000
11500
45000
29500
492500
16000
22000
17500
94500
24500
10500
49500
19500
45000
12500
42500
19500
24500
64500
456000
42500
42500
23500
22500
33000
108000
29000
304500
50000
35500
18500
25500
62000
146500
141500
83500
48000
75000
19000
40500
32000
33500
65000
144500
138500
41500
33000
467500
262000
57000
221000
15000
26500
410000
39000
39000
21000
27500
18000
35500
50000
28500
43500
59000
124500
24500
26000
132000
34500
21000
20500
21500
418500
36500
61500
148000
37000
365000
29000
91000
24500
50000
311000
13000
141500
20000
23000
22500
24500
30500
66000
58500
49500
18500
143000
134000
85500
49000
19000
29500
109500
22000
48500
119000
110500
98500
34500
49500
444000
114000
106500
110000
17500
48000
82000
46000
35500
35000
19000
15500
12500
123500
13000
162000
44000
29500
207000
80000
24000
46000
28000
30500
16500
101500
83000
337000
35000
149000
51500
13000
246000
24000
27500
93500
59500
22000
87500
10500
121000
14500
91000
70000
40000
24000
15500
21500
17500
142000
40000
36500
118000
90000
23500
39000
66000
140000
19500
14500
94500
46000
41000
121500
34500
302000
10000
33500
25000
10000
36500
434500
13000
83000
47000
11500
81500
40000
19500
73000
43500
99500
89500
36000
242500
119500
420000
11000
35000
54000
26000
20000
100000
25000
116000
322500
341000
31000
134500
53000
38000
34000
26500
24500
24000
248000
257000
32000
25000
23000
30000
44500
40000
24000
105500
28500
18500
33000
40000
56000
89000
40500
132500
35000
12000
413500
36000
73500
117000
36000
322500
50000
296000
17000
16500
130500
14000
124500
104500
140000
71000
154000
31000
135000
13500
356000
80500
278000
45500
50000
93500
26000
21000
142000
31500
26000
122500
15500
138500
70500
46500
198000
175000
52500
18000
111500
14500
113500
48000
201000
39000
21000
97000
45500
40000
41000
30500
26000
127500
22000
19000
21000
30500
34500
38000
43000
39000
91000
32500
343000
112000
26500
29500
146500
24000
392000
474500
96000
24500
135000
110500
145000
38500
11000
27000
61500
42500
63000
10500
412000
46000
126000
23000
50000
32000
37500
44500
117500
33000
14000
27000
355500
18500
428500
142000
14500
77500
455000
20500
112500
11500
133000
141500
21500
65000
53500
53000
141000
41500
17000
72000
100000
27000
94500
114500
108500
43500
126000
21500
63500
31000
149500
105500
30500
45500
138000
453000
403500
77000
136000
22500
13000
19000
109000
43500
124500
30500
86000
23000
87000
41000
36500
80000
19500
24000
65000
31000
33000
39000
50000
46000
12000
28000
113000
63500
14000
45000
22000
25500
146000
11500
65500
103000
49000
37500
96500
16500
131500
33500
163500
23000
90000
122500
234000
17500
45000
64000
29500
34000
84500
43000
145500
33500
29000
144500
99500
33500
144000
56000
28000
143000
30500
99000
347000
316500
36000
40000
281500
23500
109000
22500
41000
46000
39000
52000
44000
10500
117500
204500
40500
39000
41000
18500
29500
39000
36500
93000
21000
38000
19500
41500
97500
44000
144500
97500
93500
80000
100000
26500
136500
72000
49000
19500
16000
45500
25500
26000
67500
225500
22500
308500
118500
134000
63000
38000
29000
39000
121000
15000
423500
19000
183000
20000
252000
10500
20000
146500
42500
122500
17500
144000
48500
28000
26000
28500
15000
24000
145000
44000
78500
18000
98000
97500
32500
21000
48000
53000
462000
66000
48000
48000
15500
86000
28000
79000
45500
12000
41500
14500
108000
25500
336500
29500
26500
35500
262000
44500
37000
141000
22500
396500
50000
326000
37500
240000
14000
267500
16500
114000
23500
62500
43000
24000
33500
110000
46000
23000
328000
42500
14000
293000
21000
24500
122000
14500
29000
19500
11000
63500
267500
48000
18000
33500
19500
42500
20500
48000
35500
77000
35500
22000
24000
14000
120500
24500
98000
37000
41000
150000
19500
20500
71000
15500
19500
10500
141500
256000
67500
12500
50000
16000
63500
65000
46500
83000
29000
29000
97500
14500
48500
38000
31500
104000
83000
37000
25000
42000
31500
44500
49500
13000
69000
47500
127500
44500
60500
64500
39500
17500
17000
27000
20500
45500
25000
16000
62500
30000
55500
44500
31500
13500
64500
31500
18000
16500
26500
29000
33000
18500
77500
14000
35000
60000
118500
139000
91000
109000
468000
32000
19500
21500
10500
17000
472000
111000
109000
11500
15000
21500
49500
25000
465000
18500
28000
42000
49000
412000
10000
17000
99500
29500
47500
29500
116000
72500
34000
21500
126500
461500
47000
32000
49000
26000
114500
453000
93500
22000
135500
209000
18000
93500
30500
46500
21000
15500
420500
136500
38500
13500
22000
120500
33500
46000
43500
46500
37000
64500
29500
57500
401500
18500
38000
41000
16000
39500
13500
112500
78500
71000
475000
126000
326500
23000
35000
188000
50500
47500
80000
19500
183500
36000
16000
24000
138500
133500
41000
128000
32500
26000
19000
487000
43000
22000
137000
43500
36000
27500
49000
85000
113500
14500
20000
16500
45000
44000
32500
56500
94000
60500
56500
357000
22500
48500
19000
23500
27000
145500
19500
370500
456500
50000
128500
120500
43000
213500
71000
18500
11000
97500
34000
144500
11500
47000
47000
77000
90000
39000
45500
116000
109500
123000
29500
374500
24500
46000
14500
96000
50000
28000
20500
157500
83500
71000
389000
22500
328000
25500
18500
19500
117000
50000
31500
21500
37000
23000
34500
28500
28000
14000
41000
444500
37000
101000
17000
13000
16000
46000
31500
185000
23000
30000
12000
42000
143000
40000
105000
112000
48500
49000
107000
44000
40500
16500
48500
41000
147000
121000
119500
37000
25000
62500
131500
177000
95500
24000
40500
12000
77000
18500
35500
50000
497500
402000
140500
419500
18000
13500
49500
10000
417500
135500
14000
95500
44000
47000
27500
64000
116000
112500
148500
33500
12500
15000
11500
37000
10000
303500
19500
148000
139000
132000
82000
144000
473000
491500
14000
76500
95500
40500
18500
25000
37000
73000
18000
32000
42500
143000
35000
33500
24500
58500
48000
20000
97500
36500
34000
44000
191500
183500
16500
68000
38000
15500
18500
34500
50000
13500
101500
419000
47500
124500
143500
146000
20000
51000
48000
28500
319500
439000
