28500
99500
27500
384000
45500
21500
41000
59500
28500
57000
32500
33500
32000
365000
37000
13500
43500
41000
127000
41500
369000
26000
12000
144000
25000
10500
47500
147000
31500
27000
29500
75500
414000
47000
39500
60500
36500
41000
461000
10500
18500
42000
37500
115500
31000
27000
68000
50500
17500
31500
53500
53000
18000
100500
137000
32500
38000
37500
39500
312000
136000
26000
451000
21500
408000
35500
425500
41000
148000
32000
29500
11500
470500
33500
144000
20500
377500
41000
34500
44000
22500
25500
49500
33500
34500
38000
24000
129000
113000
41000
28500
15000
27000
26000
60500
14000
141500
21000
13000
121500
111000
22000
298000
34500
15500
64500
30000
12000
15500
457500
50000
48500
39500
37000
26500
31000
141000
19000
46500
71500
140500
144500
63000
62500
30000
29500
35500
49000
18500
228000
40000
32500
440500
108000
45500
55000
29500
300500
18500
40000
13000
46500
98000
45500
67500
118500
16500
148000
43500
25500
267000
326500
16000
12500
433500
61500
20000
135000
46500
50000
103500
20500
42000
393000
336500
17500
44500
41500
22500
18000
10500
33500
444000
13000
191500
442500
33000
26000
42500
15000
29000
39000
145500
64000
11500
45500
23000
279500
91000
23500
34000
76000
94500
68000
115500
123500
43000
15500
34000
27500
37500
22000
17500
18000
129500
133000
40500
46000
29000
31500
38000
21500
21000
98500
43500
49500
42000
123000
83500
41000
49000
27000
25000
24000
44500
138500
56000
11500
91000
14500
17000
212500
68500
61500
10500
49000
78000
75500
21000
123500
20000
30000
27500
114500
67000
39000
24000
14000
43500
92000
31500
147000
142500
94000
50000
18500
59000
145500
17000
48500
39000
18000
209000
113500
40000
25500
31000
27000
53000
35000
133000
78000
12000
93000
117000
28500
444000
112000
36500
24000
50500
47000
44500
164000
71500
47500
174000
149000
38500
143500
114500
38000
14000
81000
26500
66500
133000
98500
60000
17500
171000
197000
21000
30000
244500
271000
28500
85000
107500
44500
47000
204000
500000
14000
61000
82500
11000
15000
280000
32500
64500
62500
108500
49000
63500
43500
380000
369500
62000
33000
114500
136000
50500
147000
42000
253000
48000
129000
50000
38000
44500
43000
145000
483500
121000
23500
43500
479500
37500
18000
38500
16500
488500
28500
132500
38500
42000
184000
107500
469500
40000
25000
143000
20000
45000
58000
108000
76500
86000
49500
42500
87500
47500
84000
31000
146000
20500
143000
14500
97000
50000
398000
28000
20000
396000
16000
209500
18000
45500
61000
24500
416000
10000
80500
14000
15500
120000
127500
112000
48000
81500
35000
112000
24500
54000
91500
35500
41500
30000
397000
100500
138500
32500
23500
22500
11000
46000
50000
42000
12500
62500
37500
149000
41500
13000
37500
50000
52000
51000
122500
50000
478500
139500
21000
40000
34500
117000
24000
117500
30000
22000
36000
24000
50000
91500
121500
13000
25500
27000
33500
45000
120500
46000
13500
454000
61000
44000
147000
48000
334000
119500
34500
77500
48500
30500
32000
104000
121000
14000
421500
277500
42500
88500
23500
45500
47000
449000
85000
19000
37000
136000
15000
37500
13500
484500
13000
45000
33000
66500
359500
147000
14000
120500
35000
43000
28500
36500
482000
18500
29500
35000
20500
52000
490500
72000
41000
43500
29500
237000
48000
23500
45500
387500
11500
13000
42000
42500
32500
343500
104500
41000
39000
63000
108000
33000
14000
88500
109500
26500
46000
457500
47000
21500
38000
48000
103000
74500
68500
88500
40000
113000
101000
11500
42000
104000
12000
299500
67000
22000
21000
15000
39500
90000
15500
184000
496500
30000
49000
67000
23500
42500
85000
106000
64500
64500
134000
19000
47000
70000
57500
138500
27000
36500
68000
110500
249000
26500
15500
38500
12000
28000
37500
23500
44000
105500
49500
407500
19000
140500
72000
353500
20000
41500
10500
16000
270500
211500
11500
137500
123000
104500
31500
30000
32500
107000
15500
42000
49500
76500
70500
31500
45000
112000
36500
131000
28500
290500
492500
68500
145000
29000
32000
31500
119000
10000
46000
137500
68000
38000
19500
26500
26500
18500
88000
69500
33500
24500
42000
16500
12000
13000
23500
21000
41500
491500
80000
145500
17500
311000
326000
382000
43000
41500
120000
442500
24500
75500
103000
86000
40000
65000
69500
37500
42500
173000
34500
165500
101500
486500
157000
10500
86500
45500
66000
35000
146000
37500
138500
43500
22000
61500
41000
405500
491000
147500
220000
97500
15500
31000
92500
11500
34000
411000
61000
93500
149000
20000
143000
91500
48000
26500
222000
19500
107000
130000
38000
27500
19500
20000
103500
346500
30000
129500
34500
17500
17500
226000
149500
12500
16500
15000
16500
17500
37500
301500
42500
18000
141500
33000
47500
472000
91000
36500
18500
42500
21500
29500
36500
125000
34000
31500
131000
49500
11500
62500
76000
29500
33500
37500
22000
48000
23000
106500
45500
19000
88500
37000
16500
44500
33000
76500
29000
73000
32000
112500
456000
61000
495000
297000
20500
45000
35500
24500
98500
14000
29500
130000
14000
10500
28000
32000
83000
158000
24500
49500
32000
19000
136500
127500
11000
39000
100000
34000
26000
33500
472500
33500
13000
48000
23500
39500
24000
48000
38500
199000
35000
51500
30500
22000
43500
17500
17500
35500
34500
223000
104500
41000
18000
46500
138000
115500
16500
38000
19500
30500
13000
42000
94000
36000
489000
66000
60500
48000
59500
80500
25500
46000
100000
43000
146000
93500
46000
413000
44500
439500
49000
16000
20000
141000
138000
25000
50000
83000
120500
40000
24500
44500
36500
60000
454000
56500
376500
103500
34500
110500
37500
146500
38500
15000
137500
38500
379500
195000
148000
127000
126000
32500
47500
80500
93500
10500
280500
134500
40500
77000
26000
66000
38500
31500
48000
29000
25000
14000
16000
29000
31000
20000
15000
71000
34000
48500
100500
14000
88000
32500
24500
318500
21500
29500
46000
254000
47500
64000
130000
16500
42500
14500
43500
385000
34000
20000
122500
169000
294000
38000
247000
49500
113500
23500
40500
65500
97500
93000
379000
20000
28500
19000
20500
39000
31000
82500
32500
28500
34000
103000
88000
26000
224000
18500
48000
50500
13000
28000
38000
24000
67000
54500
37500
367500
73000
146500
81000
118500
299000
110500
28500
26000
51500
73500
59000
17000
29000
15000
102000
37500
21000
42000
35500
27000
12000
33500
10000
34500
132500
101000
458000
49500
14500
47000
44500
143000
38500
32000
37500
13500
49000
19500
91500
389000
50500
26500
16500
29500
13000
139000
15000
231000
37500
42000
49500
46000
88000
18500
435000
32000
23000
15000
128000
90000
62000
26500
20000
38500
54500
17500
145000
29000
40500
72000
34500
10500
13500
50000
31500
70000
249500
403000
441000
62000
14000
106500
122000
23500
48500
77500
400000
12000
19500
14500
115000
27500
13000
27500
70000
49000
43500
107500
146000
47500
22500
14000
31500
26000
131000
22000
137000
34000
32500
44000
10000
49000
20500
348500
61000
32500
44000
45000
97500
278000
13500
44000
22500
14500
146000
101500
36000
76500
83000
19500
96500
13000
16000
50000
239500
111000
48500
357000
10000
143500
35000
31000
146000
28500
11000
64500
44500
85500
92500
44500
69500
33000
20500
141000
116500
15000
20500
143000
13000
191500
28000
36000
71500
74500
31500
444000
29000
24000
55000
49500
14000
15000
30000
46000
29500
57500
30000
47000
460500
33500
45000
110000
112500
63500
19000
46500
355500
488500
31000
15500
127000
29500
29500
97000
96500
24000
14000
49000
26000
22500
17000
38500
20500
26000
14500
46500
39500
23500
28000
97500
31500
22000
147500
44500
125000
147000
24000
84000
86500
407000
26500
268500
32500
29500
105000
13000
13000
30000
11000
135000
42500
45500
28000
95500
498000
44000
104000
68000
12000
84000
278500
48000
12500
220500
102000
20000
16500
110500
49000
96500
17000
34500
42000
20000
486500
19000
11000
26500
47000
42500
32500
94500
34000
141000
50000
29500
38000
66000
432000
100000
427500
17500
36000
43500
40000
33500
38000
14500
10500
22500
148500
31000
105500
197500
45500
42500
33000
146000
60000
39500
53500
141500
15000
17000
42000
14000
14500
15500
48000
242500
12000
18500
21500
26500
38500
20000
102500
28000
43000
13000
49500
46500
217000
31500
38000
39000
124500
35500
38500
41000
139500
117000
355500
13000
24500
31500
33500
108500
11000
14500
91500
41500
58500
86000
82500
21000
356000
42500
42000
47000
145000
16500
41000
416500
109000
28500
75500
59500
23000
66500
26500
92000
343000
458000
15500
50000
32000
35000
23500
14000
122500
114000
154000
251500
27000
14500
100000
141000
66500
22500
142000
21000
189500
45000
44000
124500
18500
140000
16000
128500
49000
145500
105500
26000
15500
127000
444500
23500
146500
46500
50000
16000
48500
12000
149000
13500
67000
66500
21500
145000
22500
35000
12500
10000
46000
23500
42000
32500
17500
43500
33500
37500
21500
34000
43000
417500
98000
91500
89000
38500
12000
15000
14000
35000
33000
24500
45000
33500
109500
61500
59000
128500
15500
481000
35000
43500
21000
252500
89500
26000
79500
40500
46000
19000
265000
28000
41500
33500
38500
26000
373500
115500
142000
40500
392000
31500
77000
222000
98500
121000
343500
29000
34000
22500
22000
20500
20000
74500
48000
30500
16500
125500
58000
97500
32500
40500
128000
23500
115000
132000
17500
85500
10500
82000
27500
151000
22000
49500
408500
24000
42500
118000
21000
198500
461500
123500
301000
15000
27000
18500
429500
31500
127500
55500
33500
25000
44000
30000
15500
75000
38500
74000
50000
119500
32000
33500
40500
42500
40500
26500
17000
48000
227000
48500
439500
19500
87500
130500
125000
453000
30500
43500
14500
31000
340500
343000
362500
63500
48500
54000
24000
20500
143000
290000
456500
19500
50000
50000
96000
62000
38500
20000
77000
27000
48500
20500
94000
116000
44500
28500
47000
20000
33000
24000
92500
35500
407000
29000
10000
96000
305500
104000
109500
13000
38000
63500
108500
17000
44000
29000
27500
41500
123000
36000
33000
26500
33000
41500
104000
132500
69000
32000
23500
249000
204500
38000
141500
20500
47500
47000
56500
41500
249500
50500
47500
23000
18000
56000
56000
35000
11500
28500
205500
64500
118500
473000
18500
20000
20500
37000
39500
38000
49500
435000
137500
327500
85500
33500
67500
260000
32000
105000
142500
16000
31500
31500
88500
21500
65500
155000
125500
40500
219500
49500
393500
113500
78500
126500
62000
445000
132500
43000
24000
32000
142000
45000
44500
70000
23500
23000
50000
26500
22000
116000
67000
23500
38000
26500
19000
15500
35500
16500
11500
136000
11000
256500
73000
40500
37500
47000
76000
137500
138000
35000
23500
345000
45500
20000
132000
144000
56500
92000
113000
53500
71000
64000
46500
87000
25000
124000
26500
146000
82500
33500
42000
15000
31500
112500
60500
31500
27000
396000
33500
369000
57500
24000
17000
336500
15500
11500
87000
14000
11000
138500
102000
41000
79500
12000
84000
170000
217500
14000
16000
336000
139000
45500
280000
49500
38000
29000
34000
33000
28500
48500
141500
459000
15000
119500
46500
29000
115500
11000
150000
47000
145500
21000
134500
28000
365000
231000
297000
52000
33000
32500
12000
46000
41000
40500
126000
82000
79000
44000
26500
15500
179500
23500
56500
11500
46000
104500
31000
43500
145500
42500
27000
41500
140500
34000
117000
136500
48500
124500
27000
45500
26500
30500
66000
25000
38500
23000
69000
69500
142000
101000
38500
90000
28000
27000
81500
117500
20000
36000
10500
29000
72000
451000
65000
347000
106000
24500
10500
49000
19000
103000
17000
413000
21500
40000
129000
21000
83000
46000
28000
21000
23500
25500
38000
450000
40500
463500
87500
10000
213500
25000
35500
430000
33000
45500
28000
46500
34500
143500
194500
25500
45000
45500
50500
130000
24500
27500
312500
47000
44000
31500
93000
76000
145000
33000
18000
69000
330000
24000
105500
120500
39500
73500
29000
164500
127000
77500
72500
135000
50500
12500
23500
20000
48000
48000
37000
265000
87000
85500
50000
41500
24000
204000
41000
58500
77000
47000
28000
48500
67500
45000
135000
116500
115500
106500
44500
76000
100500
11000
462000
460500
47500
34000
30000
35000
33000
48500
24000
259000
29500
13500
70000
48500
30500
15000
42000
36500
444500
34500
27000
66000
404000
40500
78500
148500
43000
13000
107000
18500
25500
89000
172000
57000
19500
19000
424000
47500
141000
103000
15000
47000
327500
27000
114000
134000
48500
30500
36000
96500
99000
25500
30500
385500
46000
133500
279000
17000
226000
25500
78000
118500
23500
44000
45000
43000
93000
10500
49000
109500
24000
10500
434500
495000
22000
31500
10000
26000
26000
21000
26000
74500
12000
30500
110000
48500
37000
147000
10000
28500
131500
10500
84000
33000
136000
143500
66000
208000
34000
31000
88500
26500
113500
37500
419000
53000
77000
110500
49500
105500
36000
38000
118500
114500
31500
52500
42500
18500
35500
26000
28500
97500
129000
125500
26000
449500
17000
99000
22000
108500
29000
35000
33500
36500
38000
35500
28000
101000
45000
465500
21500
19000
139000
24000
24000
33000
12000
20000
30000
125500
14500
39000
39000
428500
10500
39500
44500
34500
29500
39000
12500
23500
24500
33000
282500
45000
29500
32500
16000
13000
90500
68000
31500
22000
21000
42500
48000
29000
93000
496000
85000
87500
58500
35000
34000
354500
18000
17500
11500
48000
95000
45500
66500
42000
44500
26000
12000
33500
93000
217000
17000
314000
39000
146000
86500
73500
22500
47000
102500
57500
102000
21000
260500
225500
38000
287000
47500
18000
455500
36500
32500
18500
46000
109000
18000
81000
30500
27000
15500
89500
37000
288000
90500
46000
15500
93500
28500
35000
38500
25000
38500
48500
11500
106000
31500
79500
10000
14500
98000
10000
29000
28000
140500
20500
30000
28000
19500
109500
134000
40000
20000
61000
111500
119500
23000
16500
42500
143500
121000
33000
241000
95000
32000
320000
85500
110500
63500
437000
124000
39000
140000
58500
91000
36500
320000
14000
49500
49500
27000
34000
43000
108500
256500
137000
130000
109000
28500
76000
12000
20000
28500
17500
33500
145000
13000
89000
12500
42500
147000
118500
104000
68500
31000
50000
26000
305500
45500
33500
10500
12500
26000
257500
11000
33000
26000
368500
74000
43500
20500
48500
473000
384500
290000
11000
20000
13500
35000
20000
63000
13000
14000
356000
54000
73500
67500
34500
103000
29000
146000
31500
80500
481500
215500
462000
106500
20000
40500
30500
27000
36000
43500
33000
47500
301500
125500
13000
53500
25500
84000
485000
433000
173000
77000
278500
12000
12500
91500
51000
47500
27500
86000
46500
128500
18500
113500
40000
141000
113000
33000
31500
29500
93500
484500
39500
455500
17500
39500
38500
48000
28000
246500
12000
13000
37500
26500
62000
41500
43000
60000
49000
36000
143000
57000
46000
116000
34500
67500
16000
130500
22500
17500
33000
34000
31000
26500
142000
240000
76500
496000
43500
53500
29000
43000
26000
53500
397000
145000
253500
20000
24500
37500
116500
22500
39500
26500
59000
18500
69500
101500
29500
39500
11500
133000
22500
358000
32000
36000
124000
48500
430500
40000
119500
119500
10500
403500
42000
83000
39000
106500
29000
24000
371000
43500
49000
19500
16000
135000
20000
20500
51500
47500
482500
38500
188500
45500
22500
11500
13000
200500
52500
14000
25500
32000
458500
402500
41000
15500
16000
29500
20000
14500
33000
46500
17000
176500
124500
23500
22000
144000
267000
63500
35500
26000
125000
19000
34500
81500
129000
34000
18000
498000
60500
32000
18000
19000
27000
148000
73500
41500
132000
36500
29500
31000
48000
30500
20000
14000
47000
18500
31000
25500
73500
10500
54000
84000
49000
97500
35000
21500
318500
18500
48500
10500
50000
20500
44000
113000
214000
10500
265500
85000
316000
48000
45500
44000
117500
68000
10500
294500
29500
46000
29000
11500
112500
45500
201000
103000
68500
38500
28500
64500
90000
125000
22000
26000
33500
36000
138500
54000
48500
34500
434500
47500
31500
18500
23500
41000
11000
119500
33000
141000
43000
159500
18500
103500
51500
17500
70500
321500
44500
34000
232500
42000
99000
27500
28500
138500
127000
12000
80500
119000
26500
27000
104500
322000
21500
45000
37000
146000
22500
34500
44500
125500
51500
83500
35000
34500
167000
10000
103000
32500
14000
34500
60000
39000
41000
101000
19500
14000
282000
10000
11000
92000
48000
50000
22000
247000
220000
21500
35500
21000
11500
35000
116500
28000
41500
101500
43500
27000
269000
118000
41000
301500
22500
63000
78500
40000
19000
132500
26500
139000
25000
141500
35000
76500
26500
42500
25500
31500
11500
12000
20000
299000
54000
63000
12000
119000
149500
30000
36500
153500
45500
64500
104500
95000
111000
107500
102500
47000
36500
138500
43500
11500
141000
134000
18500
36000
24000
89500
33500
109500
50000
48000
86500
47000
14500
28000
44500
19000
105500
463500
13000
94000
46500
45000
21000
45500
100000
51000
136000
16500
27000
22500
27500
34000
109500
64000
21500
42000
38000
64000
399000
72500
22000
45000
10000
30000
24000
410000
78000
32000
33500
49500
49000
48500
10000
431000
49500
138500
46000
399000
45500
13000
44500
35500
45000
65500
28500
73500
12500
40000
16000
22500
23000
404000
46500
23500
38000
129500
147000
45000
47500
21000
122000
17000
45000
11500
400000
15500
64000
159000
16500
35000
119000
23000
129000
29000
30000
46000
41500
93000
120500
25500
34500
10500
39000
18500
41000
188500
32500
31000
71500
44500
42000
22500
249500
59500
77500
35500
17000
31500
114500
125000
12000
24500
50000
32500
107500
32500
117000
42500
46500
30500
23000
10500
21000
72000
347500
71500
100000
17500
76000
47000
95500
18500
46500
11000
212500
13500
44000
79500
24000
26000
40000
39000
109000
33000
147000
13000
89000
88000
34500
47500
12000
88000
49500
91000
33500
38000
26500
49500
81000
21500
111500
13000
65500
10000
124000
28000
30500
95000
45000
44000
93500
27000
24000
42500
16500
148500
30000
25000
369500
37500
25000
13000
16000
37500
40500
41000
82500
96000
136000
82000
442000
40000
123500
112000
13000
137000
48000
27000
21000
27500
45000
46500
33000
20000
25000
113000
69000
123500
65500
34500
131500
21500
209000
35000
42000
77000
50000
110500
44500
32500
145000
27000
130500
52500
362000
30000
34000
108000
28000
110000
11000
16000
51000
38500
35000
97000
25500
13000
99000
61500
63000
93500
36500
91000
49000
122000
16500
468000
32500
37000
72000
89500
117500
26500
81000
16500
30000
29500
196500
306000
104000
32500
74000
23000
14500
39000
25500
318500
10500
13000
431000
10500
33000
257000
19000
240000
35500
13000
22500
43500
12500
28000
13500
47000
41500
268000
39000
15000
24500
64000
43500
20500
34000
13000
124000
48500
31000
46000
221500
481000
18000
34500
114500
453000
103500
48500
29000
456000
146000
120500
14500
11500
32500
28000
19500
42000
113500
36000
40500
69500
44500
197000
98500
33000
13500
25500
11000
113500
49000
146500
42500
39000
23500
23000
134000
71000
47000
144000
29000
27500
46000
28000
98500
22000
36000
11500
221000
33500
89000
59000
101000
42500
30000
78000
48000
48500
107000
16000
92000
33000
34000
118000
21000
49500
47500
36000
39000
20500
137500
51000
43000
140500
49000
79000
40000
120500
21500
13500
90000
71500
123000
14500
263500
35500
29000
44500
42500
79000
433500
27000
29000
31000
141000
456000
50000
423500
231500
39000
277000
36000
30000
47000
39000
15000
77500
125500
