132500
132000
81000
45500
35000
33500
10500
100000
30000
21000
108500
217500
63500
38000
15000
73000
47500
80000
44500
94000
44500
195000
15000
103000
117000
25500
108000
34000
23000
46500
21500
25000
81000
89000
73500
11500
29000
489000
96500
12500
103000
71500
138500
45000
10000
19000
12000
16500
222500
102500
127000
26000
35500
106000
252000
121000
40500
37500
42500
35500
142000
12000
38500
168000
105000
138500
39500
39500
10000
34500
142000
51000
124000
25500
26000
27000
41000
118000
90500
34500
19000
109000
81000
80000
48500
103500
13500
19500
67500
48000
66500
19500
25000
360500
134000
85500
61000
32000
12500
48000
332500
34500
169500
47000
27500
55000
26000
48000
110500
20500
25000
101000
18000
39000
23500
76500
29000
14000
47000
40500
21000
136000
53500
13000
62000
40500
343000
14500
74000
28000
87500
149500
140000
120000
80000
138000
79500
83500
18500
35500
29000
34000
51000
42000
41000
65000
47500
111500
72000
371500
139500
30500
12500
133000
26500
102500
11500
47500
82500
29500
25500
74500
17500
163500
48500
115500
42000
33000
96000
31000
42000
46500
40000
98000
56500
82000
145000
44000
48000
37500
142500
139000
43000
31500
32500
25500
37000
27000
32500
18000
36500
34000
44500
52000
68500
10000
48000
85500
29500
42500
117500
24000
70000
40000
106500
50000
25000
61000
132000
17500
37000
75500
294500
34000
42500
58000
59000
429000
23000
26000
117000
112000
42000
27000
15500
68000
97500
136000
75000
148000
14500
11000
14500
35000
265500
13500
101000
74500
59500
18500
17500
12500
51000
100500
48500
284000
22000
136000
138500
94500
24000
51500
16000
15500
22000
27000
99500
27000
139000
156000
133500
23500
14000
260000
388500
138000
19500
158000
15500
480000
143500
468500
25500
59500
42500
49000
22500
134500
46500
149500
464000
22500
72500
21500
11500
44000
29500
51000
448500
100500
42500
33500
48500
25000
220000
43500
105500
75000
36000
16500
196000
46000
13500
26000
47500
78000
414500
50000
74500
47000
45500
27500
35000
22500
96500
97000
173000
36500
55500
31500
48500
27500
34000
65000
32500
36500
83500
148500
10000
20000
24000
219500
40500
193500
30500
17000
46000
127000
23000
60500
62500
493000
11000
19500
22500
114000
29500
26000
34000
35500
112000
77000
48500
114000
301500
112500
18000
142000
27000
47000
125500
123500
42500
14000
23000
61000
15000
297000
170500
147000
108000
50000
123000
15500
103500
42500
43000
16500
132500
67000
97000
31500
138000
38500
15500
22000
33000
170000
17000
63000
67000
21000
82000
12000
84500
142500
100000
61000
390500
19500
16500
10000
110500
13500
81500
45500
36500
33500
33000
490500
34000
35000
106000
22000
66500
92500
73500
83500
103000
114000
29000
17500
45500
28500
77500
48500
24500
45500
26500
10500
38000
73500
33500
53000
43000
18500
22000
19500
14500
125000
10500
36000
117500
10000
48000
105000
25500
43000
22000
353000
22000
32000
149500
42500
26500
49500
46500
26000
97500
339500
95000
23000
60000
95000
17500
454000
99000
12000
79500
256000
129000
444500
98000
41000
40000
42000
48000
45500
146000
83000
39500
47500
84000
33000
174500
63000
65500
119500
35500
380000
42000
95000
37500
39500
95000
23000
47500
21000
247500
16500
146000
269500
128500
27000
478000
18500
11500
21500
19500
23000
31500
129000
84500
31000
64500
29000
31500
97500
64000
490000
19000
224000
146500
18000
46500
29000
136500
32000
48500
18000
44000
44000
93500
41000
24500
51500
47500
29500
207500
49000
453000
49000
72000
12500
12500
42000
76000
14500
84000
310000
123500
44500
87000
27500
43500
298500
20500
49500
22500
20500
119000
96500
19500
266500
25500
170500
38500
27000
75000
148000
45000
22500
31500
49500
41500
48000
30000
30000
30500
17500
130000
387000
19500
75500
19000
113000
23500
23000
23000
66000
142000
50000
11000
17500
134000
31000
34000
26500
46500
16000
47000
378000
290000
11500
109000
147000
58500
12500
161500
146500
36000
19500
27500
120000
20000
44500
101500
34500
50000
124000
109500
83000
38000
34500
32000
24000
111000
11500
131000
33500
16500
138000
47000
133000
19500
46500
16000
49000
59000
11500
74500
36000
47000
328000
30000
22000
27000
44000
127000
143000
94500
17500
37500
44000
129000
23500
49000
12000
36500
10500
25000
111000
42500
17000
34500
357000
31500
29000
24500
44500
45000
43000
44500
13500
27500
223000
43000
47000
34000
69000
128000
34000
24000
142500
82500
48000
48500
16500
93500
13500
43500
387000
30500
32000
33000
32000
48000
48000
33500
28500
38000
175000
87500
33500
150000
31500
94500
42000
37000
61500
32500
43000
49500
418500
31500
338500
110500
28000
34500
13500
36500
203000
49500
88500
131500
26000
76000
10000
44000
72500
39000
147500
29000
97500
46500
90000
16500
48500
44000
17500
43500
44000
40500
17000
38500
24500
26000
201500
140500
76500
21500
38500
31500
82500
33500
391000
115500
15000
96000
59500
142500
130500
28500
87000
138000
116000
26000
65000
24000
119500
37000
36500
446000
13500
143000
25000
34500
111500
53000
208500
27500
110000
25000
20500
48000
22000
82500
17500
25500
49500
194500
20000
22500
78500
24000
23000
25500
179500
24500
38500
41000
49500
11000
76000
37000
41000
133500
43500
54500
45500
41000
27500
20500
42000
31500
301500
66500
31000
52000
92000
11000
45000
23000
25000
50000
163500
267000
27500
69500
32000
149500
37000
47000
25500
46500
14500
39500
377000
139000
139500
44000
120500
90000
17000
11500
133500
98500
14000
46000
25000
24000
66500
145000
129500
24500
328500
73000
15000
24500
19500
134500
109500
39500
28500
32500
143000
17000
37500
119000
38500
32500
143000
26500
43500
97000
377500
144500
22000
51000
11000
43500
19000
44500
23500
34500
28000
12500
49500
86000
13000
41500
24500
111000
45500
13000
16500
48500
20000
19500
19500
15000
59500
32000
44500
97000
27000
20000
25500
26500
384500
23000
327500
28500
46500
127500
14000
19500
126500
47000
101500
11500
36500
125500
11500
25500
140500
25500
61000
38500
21000
23000
170500
144000
422500
50000
405000
12000
148000
134500
147000
41500
28500
47500
50500
47500
377500
47500
19000
30500
96500
15000
43000
26000
20000
80000
17000
12000
48500
35000
46500
133000
28000
67500
146500
76000
68000
80500
86000
46000
69500
48500
39500
143500
22000
45500
37000
94000
12500
129000
22000
23500
33000
38500
328500
49000
20000
26000
50000
224500
135500
36000
456000
47000
73500
11500
44000
17000
33000
18500
95000
123000
21500
142500
81000
297000
22500
34500
67000
55500
128500
63000
28000
117000
122000
21000
54500
20500
81000
33000
17000
15000
78000
46500
16500
23500
20000
113500
50000
33000
13500
45500
44500
104000
29500
42500
45500
36500
41000
13000
63500
144500
27500
10500
31500
11500
21500
48000
39000
31000
118000
31500
34000
33500
117000
24500
25500
26500
41500
24000
11500
26000
110000
18000
10500
11000
91500
27500
40500
382500
12000
35500
136000
314000
16500
23000
102000
67000
120500
29000
40500
43000
25000
25000
44000
41500
14000
130000
23000
48000
34500
44500
143500
63000
46500
381500
26000
128000
20000
27000
32500
58500
123500
38000
32500
76000
480000
83000
39500
128500
133500
70500
30000
64000
74500
59000
18500
48000
30000
492000
35500
137000
294000
117000
130000
72500
370500
21500
292500
33500
42500
47500
75500
24000
133500
33000
412500
92500
46000
44000
41000
127500
66500
49000
391000
268500
14500
139000
278000
53500
36000
143500
52500
254000
18500
39000
332500
131000
38500
26000
148500
113500
35000
31500
24000
38500
227000
67500
90000
45000
16000
101500
31000
43000
10500
349500
71500
492500
43000
137500
10500
13500
39500
15500
20000
14500
67000
38500
21500
37500
58500
33000
34000
40500
45500
35500
142500
84500
44500
36000
84500
47000
12500
41500
38500
23000
18500
49500
25500
37500
50000
15000
487500
35000
97000
25500
109000
45500
62500
145500
18500
23500
49000
33000
24500
137000
19500
128500
43000
40000
132000
16500
35000
45500
41500
88000
16000
115000
23500
312500
53000
38500
22500
56500
33000
133000
58000
32000
143000
140500
27500
67000
41500
22500
46000
42000
13000
31000
96500
11000
30000
143500
23000
116500
15500
27000
116000
46000
37000
55500
40000
87000
19000
39000
11000
29000
13500
15500
107500
60500
11000
108500
55000
13500
11500
32000
75000
17000
39000
45500
25500
18000
16000
34000
27500
16500
68000
128000
20500
13500
12000
136000
144500
461000
14000
60000
14000
39500
77500
56500
186000
27000
13000
40000
28000
28000
134500
66500
55500
419500
11000
60000
63000
35500
112000
25000
31500
33000
306500
39500
17500
30000
10000
137000
17000
216500
48500
75000
15500
109000
36000
14000
74500
398000
63500
28000
46500
127000
45500
77000
41000
46000
348500
20500
21000
17000
30500
60500
20500
95000
10500
29500
84000
30500
107000
42500
350000
84500
33000
140500
38000
33500
24000
29500
39000
371500
47000
91500
41000
21000
136000
42000
123000
96000
76500
41000
76500
10500
14000
440500
32000
13000
13500
34000
28000
30000
49500
27500
112500
347500
59500
50000
28000
103000
46000
52000
13000
219500
46500
15000
212500
113000
110000
34500
104000
89500
108000
21500
28000
139500
34500
30500
31500
14500
34000
48000
48500
36500
33500
42500
47000
161500
326000
20000
21500
215000
43000
17500
50500
70000
17000
29500
13500
202500
252000
55500
401000
29500
30500
39500
444500
71500
23500
97000
325500
449500
13000
20000
20500
26000
135500
40500
18500
401500
46000
106000
66000
10000
28500
35500
56500
108000
83500
29500
21500
23000
77500
17000
39000
21000
26500
38000
114000
17500
33000
29000
78500
43500
31000
45000
28000
74500
45500
18000
41000
101000
49000
110500
123000
299000
100500
70000
116000
161500
14000
39000
112000
42500
225000
136500
50000
494000
53500
28500
26500
22500
96500
39000
48500
41000
149500
404500
50000
46000
14000
64000
201000
145000
28000
41500
32000
24500
18000
20500
41500
36500
70000
46000
10000
49500
31000
25000
45000
153500
418000
45000
13000
24000
127000
37000
99500
34500
149500
62000
99000
10000
11500
10000
30000
32500
20500
47500
408500
22500
35000
16500
29500
43000
91500
144000
40500
30000
23000
121000
19500
34500
119500
11000
44000
118000
38000
119000
292500
30000
26500
37000
10500
172500
12500
39500
133500
64500
133000
37000
123000
21000
20000
76500
56000
498500
46500
133500
12000
424000
20000
44000
51000
43000
134000
24500
16500
147000
32000
33000
143500
38500
16000
11000
13000
273500
14500
36000
14000
36500
128000
49500
37000
115000
34000
70000
13000
40500
19500
12500
131500
316000
30500
27000
71000
41500
25500
250500
106000
394500
160000
20000
148500
50000
31500
45500
34000
48500
13000
325000
32500
139500
35000
55500
101500
32500
20500
44000
55500
100000
171500
10500
23000
77000
160000
50000
22500
16000
34500
54500
23000
36500
35500
21000
110000
44000
36500
75500
48500
22500
10000
28000
11000
34500
26500
139500
39500
28500
41000
46000
93000
34000
93000
90000
10000
29000
22500
116000
49500
20500
38000
18000
27500
18000
26500
50000
32500
130500
25000
66500
47500
58500
10500
37500
98000
42000
34500
92500
362000
63500
128500
20500
12500
38000
37500
70000
21000
41500
80000
15500
143000
46500
23000
22000
24500
37000
34500
143500
145500
13500
65500
271500
36500
42000
68500
113500
38500
24000
44500
80500
13500
407000
146000
106000
50000
31500
13500
117000
44000
490500
85000
296500
35000
94500
23500
32000
36500
318000
81500
20000
25000
22500
14000
39000
474000
304500
23500
277000
19500
34000
118000
136500
36500
46000
329500
24000
34500
45500
28000
28500
12000
38500
134000
41500
41000
78500
82500
35500
292500
48500
146500
49000
22000
417000
34000
37000
112000
31500
12500
40500
63500
255500
39000
85000
440500
131500
14500
358000
149500
77500
20500
55000
29000
21500
103000
42000
49000
66500
34500
25500
23000
15000
17500
19000
31500
37500
40500
37500
41500
19000
27000
17500
47500
43000
38500
23500
113500
38500
10000
45000
36000
29500
22000
40500
21500
17000
98000
127500
39500
19000
92000
63000
24500
10000
91500
177500
34500
48000
24000
142500
46000
11000
111500
26000
153500
29500
38000
117500
112000
50000
19500
35500
28000
25500
39000
36000
54500
133500
96500
131500
133500
36000
36000
29000
49000
28500
32500
49500
58500
35500
140500
21000
10500
28000
122000
41500
16500
141000
89000
49500
20500
141000
78000
170500
82500
109500
458000
299500
69500
29000
26500
97000
83500
143500
48000
36500
64000
33500
10500
29500
26500
17000
11500
17500
12000
40000
79000
39000
124500
20500
12000
16500
61000
39000
16000
47500
116500
78500
33000
22500
146500
33000
53500
230000
86000
127500
36000
95000
38000
108000
24000
142000
139500
35000
32500
22500
100000
44500
88500
132500
16000
46000
137000
13000
25500
88000
138000
43500
173500
110500
11000
20000
20500
78000
23000
13500
362000
23000
48500
13000
35000
43000
50000
118500
98500
47000
78000
35500
76000
26000
14500
43000
48500
12500
22500
15500
35000
32000
20000
16500
142500
16500
46000
30000
29000
44500
28500
134500
16000
31500
12000
49000
13500
35000
111500
114500
373000
60500
91000
49000
30000
439500
214500
39500
21500
34500
34500
35000
32000
44000
22500
429000
64500
279500
43500
114500
89500
11000
18500
94000
90500
33500
18500
49000
75000
119500
48000
41000
98000
20000
35000
46500
38500
26000
19000
38500
339500
43000
11500
34500
21500
87000
187000
48000
23000
196000
388500
36000
364500
17000
412000
15500
23500
141500
13000
33000
11500
47500
21000
98000
63500
40500
45500
449000
426500
15500
64500
35500
90500
74000
368500
32000
96500
33500
244500
54500
27000
396500
78500
64500
121000
27000
19500
150000
14000
16500
269000
75500
403000
128500
30500
78000
90000
137000
436500
29500
368000
45000
12000
59500
58000
39000
38500
47500
75500
23000
17000
16500
180000
34000
27000
258000
106000
21500
27500
12000
43000
12500
49000
41000
23500
39500
16500
41500
44500
378500
96000
44500
303000
71000
67500
53000
277000
14000
127500
40500
118500
70000
49000
35000
126000
41000
96500
56500
11000
139500
44500
34500
136000
40500
110500
26000
13500
113000
119000
409000
20500
41000
11500
31500
142000
70000
11000
150000
41500
77500
36500
358500
71500
47500
30500
127500
218000
31000
56000
26500
30000
146000
36000
480500
49000
46500
250000
62500
244000
73000
143500
50000
17500
140500
137500
85000
26000
23000
347500
36000
21000
93000
70000
43500
131000
44000
418000
18000
72500
33000
12000
194000
396000
15500
124500
152000
121500
17000
123000
39500
353500
46000
34500
31500
17500
43000
66500
14500
49500
43000
20500
16500
113000
15000
84000
81500
218000
22000
131000
145500
12500
110500
297500
20000
101500
36500
28000
143500
20500
18000
47000
18000
72500
59500
127000
31500
23000
14500
47000
31500
70500
14500
25500
35000
40000
55000
135000
24500
10000
122000
14500
14500
39500
143500
244500
39000
34000
43000
50000
33500
82500
181500
233000
24000
35000
89500
138500
330500
90000
85500
131000
67500
26000
31500
25000
438000
23000
80500
13500
27000
474000
91000
19500
79500
86000
110500
37000
33000
33000
79000
35000
16000
40000
107500
466000
37000
76000
289500
46000
26500
15500
134500
24500
37000
459500
29500
44000
24500
54500
44000
38000
32000
17000
110500
304000
10000
22500
15500
22000
50000
63000
69500
14500
49000
333000
10500
24000
43000
68500
47500
37000
149500
75500
42500
41000
142000
123000
35500
51500
43500
39500
451000
21500
40000
119500
90000
132000
44500
47500
470500
13000
40500
96000
43000
42500
50000
12500
37500
21000
13500
48500
54000
39000
50000
39500
26000
42500
29000
40500
46000
90500
26500
62000
339500
41500
31000
482500
95000
27500
132000
58500
19500
45000
43500
11500
93000
27000
14000
37500
115000
76000
20500
30500
52000
440500
31000
40000
50000
65000
36500
71000
77000
32500
25000
96000
122500
34500
35000
38000
180500
20000
10000
331500
39000
49500
39500
32000
28500
34000
35000
44500
13500
139000
13000
37000
28000
13500
52500
19500
125000
14500
78000
22000
38500
94500
41500
44500
19000
105500
130000
16000
44000
255000
30000
23000
410500
30000
74500
48500
15000
352500
48500
163500
38500
103500
19500
11500
46000
16000
99000
17500
86500
14000
21500
19000
142000
15000
97000
13000
36000
141000
39500
46500
97000
48000
27000
40000
48500
76500
228000
21000
39000
28000
69500
17500
48000
25500
25500
33500
105500
22000
42500
43500
300000
110500
71500
72000
143500
43500
15500
94500
13500
41500
48000
125000
37500
33500
103000
490500
145000
121500
98500
17000
297500
10500
20000
101000
27500
136500
24000
21000
41000
17000
75000
41000
76000
44000
26500
37500
113500
47500
47000
55000
25000
103500
280000
111500
41500
15000
25000
368500
39000
37500
29000
35500
402000
42000
22500
19000
48000
38500
146500
45500
30500
42500
24000
16500
50000
33000
52000
101000
11500
17000
32500
26000
36000
39500
71500
13000
44500
48500
24000
50000
24500
40000
31000
158000
38500
43000
41500
27500
18500
44500
40000
132000
350000
40000
12000
102000
62000
14500
27000
41000
20500
29000
48000
127000
50000
30500
27500
140000
50000
82500
45000
79000
48500
49000
139500
47500
25000
137500
471000
368500
46500
70500
26000
45500
105000
116500
147500
158000
15500
208500
12000
15000
39500
26000
129000
148000
46000
24500
24500
41000
40500
44500
50000
49000
46500
32000
28000
10000
46500
484000
13500
45000
24000
21000
18500
44500
150500
24000
219500
19500
122000
234500
38000
33500
37500
29500
49000
48500
44500
14000
34500
118000
100500
13000
22000
81000
245500
30500
466500
18500
27500
21500
40500
27500
50000
180000
50000
21500
246000
27500
94500
198000
47500
94000
31500
34500
120000
68500
27500
33000
23000
78000
362000
20000
15500
13500
12500
15000
148500
28500
347500
13000
37500
29000
40500
80500
35000
27000
29000
113000
43000
40500
36000
38000
67000
149000
112000
130000
116000
11000
63500
13500
458500
93000
71500
44000
30500
37000
80000
47000
25000
38000
49000
45500
43500
29500
343000
458000
63000
19500
434500
29500
136000
104000
37500
196000
28500
115000
128000
40000
48500
13000
18000
44000
38000
68500
72500
119500
105000
28000
175000
54500
47000
40000
31000
21500
61000
451500
44000
24000
414000
57500
50000
250000
35500
194500
40500
124000
37000
146000
22000
245500
108000
462000
21000
42000
60000
433500
47500
25500
50500
15000
104500
30000
42000
13000
12500
64500
105500
64000
78500
32000
41500
61000
133500
49000
165000
25500
115500
27000
62500
19500
12000
21500
39000
16000
31500
23000
10500
123000
33000
40500
25000
42000
35000
46000
394500
11000
479000
74000
108500
25500
73000
39000
37500
464000
40500
14500
14500
53500
25500
42000
397500
24500
30500
50000
31500
109000
46500
48000
10000
479500
159000
131500
119000
39500
28000
13500
451000
101000
46500
108500
20500
91000
41500
31000
283000
132000
10000
128000
11000
132000
31500
29000
150000
35000
32500
12000
12000
22000
40000
17500
64500
47500
107500
37000
13500
495500
284000
27000
43000
33000
15500
15000
12500
76000
27500
219000
10000
49000
57500
28000
21000
25500
136500
13500
251500
185500
16000
34000
32500
62500
39500
50000
207000
15000
33500
124500
37500
18500
12000
32000
64500
33500
47000
341000
46500
33500
46000
77500
52500
133000
33000
11500
79500
124000
65500
44000
18500
42500
93500
68500
50000
13500
114500
89500
68500
129000
149500
25500
14000
43500
49000
42000
124000
28500
21500
396500
97000
53000
197000
35000
70500
40000
23500
29000
49000
10500
21500
90000
128500
54500
137500
35500
119000
126000
23500
23000
34000
20500
23500
38500
214500
45000
291000
104500
14000
70000
24000
20000
109500
91000
45500
378500
33000
48000
22500
43500
100000
52500
470500
34000
109000
23500
49500
35500
307500
38500
133000
52500
38000
20000
258000
61500
14500
47500
35000
174500
41000
25500
110500
22500
115500
16000
57500
28500
231500
18500
45000
61000
25500
103500
134500
21500
39000
32500
49500
291500
276500
22500
86000
17500
26000
27000
294500
40000
26500
45500
41000
44000
24000
25500
31500
38500
45500
12000
14000
26500
20500
44000
445500
467000
14500
33000
13500
80500
45000
15500
105500
74500
125500
26500
19500
55500
46000
356000
105000
15000
324500
40000
12500
137000
49000
10500
136500
27500
117000
29000
33500
78000
26000
27500
47500
354500
17000
43500
142500
22500
10500
29500
289500
33500
382500
122000
33500
40000
136000
121500
121500
33500
74000
12500
181500
133000
37000
498000
37500
47000
71000
32000
133000
19000
399000
34500
86500
113000
147000
49000
14000
66500
14500
86500
68500
105000
127000
336000
117500
124000
135500
348500
112000
38000
33500
28000
287000
26000
23500
135500
22000
94000
94000
84000
46500
28500
26500
193500
47500
16000
30000
41000
114000
48500
17500
25500
29500
91000
54000
125000
143000
205500
49000
150000
87000
31000
38000
17500
15000
147000
139500
43500
111500
15000
28000
37500
72000
18500
122500
36000
104000
11000
22500
27000
133000
480500
17500
14000
101000
30500
73000
109500
120000
13500
59000
44000
258500
56500
27000
131500
135000
65000
468500
433000
40000
126000
27000
16500
70000
263000
19000
166500
492500
27500
77500
49500
36500
38000
39000
53000
15500
15500
44500
46000
380000
42000
35500
16500
35000
37500
88000
46500
83500
79000
38500
69000
51500
38000
46000
55500
39000
16000
132500
34000
24000
90000
12500
133500
36500
19000
77000
496000
46500
125500
63500
72500
25000
29000
37000
62000
119000
30000
20500
34000
38500
81000
140000
12000
103500
13000
49000
34000
74500
30500
32500
34500
12500
35500
146000
52000
124000
43000
36500
12500
12000
103000
26000
10500
19500
102000
49500
119500
326000
18500
16000
105500
25000
23000
47500
44500
229000
17000
60500
24000
147000
42000
30500
114000
52500
33500
27500
15000
13500
31500
65500
20000
21000
51500
111500
22500
67000
37000
48500
33000
38000
124500
29000
39500
110500
28000
74000
18000
23000
96500
137500
59500
38000
42500
484500
46500
99000
28500
323500
71500
77000
340000
27500
14500
148000
36000
117000
16500
131000
30000
123000
112000
40000
52500
43500
253500
44500
79500
27000
44000
111000
327500
269500
16500
142000
16500
39000
46000
11500
392500
22500
15500
89500
35500
13500
234000
11500
30000
14500
14500
121500
478000
48500
147000
23500
142500
40000
55000
146500
312000
23500
44000
35500
54500
27000
44000
53000
34000
27500
48000
70000
21500
32000
96000
17000
302000
322000
91000
25500
42000
139000
16500
11000
79500
139000
42000
12500
40000
123500
246500
141000
30000
71000
13500
10000
15000
43000
390000
262500
10500
115000
27500
143000
135500
127500
14500
22500
58000
52000
78500
35500
32000
12000
180500
107000
84000
22000
134500
39500
35000
45000
67500
144500
49000
55000
72500
12500
35500
96500
139000
17500
38000
13500
26500
17500
44000
100000
70500
63000
44500
18500
418000
36000
118000
80000
88000
131000
31500
34500
218500
77000
134000
101000
46000
290500
20500
42500
14500
86500
304500
129000
10500
26500
71500
183000
31000
460000
145500
23000
37000
40500
12000
85000
16500
21500
31500
12000
413000
39500
28000
12500
34000
75500
422500
148500
19500
51500
21500
50000
148000
48000
38000
294000
296000
13000
45000
20500
93000
20000
36000
23000
29000
27000
115000
136000
116500
63500
366500
31000
38500
446500
75500
48500
18000
24000
59500
149000
17500
35000
148500
137000
16000
104000
124500
48500
384000
64000
336000
61500
39500
34500
18500
130500
37000
32500
124000
40500
308000
12000
29500
13500
46500
122500
48500
42500
131500
22000
28000
25000
125500
25500
113000
97000
42000
36000
62000
64500
383500
50000
41000
72500
16500
286500
62500
20500
41500
10500
36000
18000
31000
27000
129000
37500
46500
130000
134000
46000
43000
335500
143000
115000
229500
23000
42000
22000
10000
120000
87000
34500
17000
39000
325000
17000
130000
49500
46500
15500
102000
40000
63000
87000
10500
48000
81500
69000
32500
66000
10000
31500
37500
35500
147000
254000
25500
23500
13500
258000
26500
26000
34000
59000
19000
17000
40500
28500
136000
48000
53500
94000
91500
120000
24000
26500
42500
51000
41500
104500
45500
12000
101500
120000
78000
39500
360500
136000
36500
41500
29000
23500
44000
105500
139500
11500
415000
29500
17500
23000
88000
134000
16000
60500
54000
10500
10000
28000
40500
38500
25500
25000
71500
38000
10000
37500
33000
49000
145500
140000
25500
50000
43000
40500
45000
16000
110000
20000
42500
36000
260000
32500
27500
28500
15500
47500
356000
20000
15500
46500
24500
47000
30500
12500
23000
12000
329500
18000
87500
36500
78000
13500
44500
76000
123500
91000
80500
32000
146000
376000
23000
30000
82000
40500
137000
129500
10000
127500
27000
119500
53500
20500
42000
11000
40000
47500
22000
458000
20000
12000
123000
19000
24500
20500
33500
38000
310500
46000
15000
364000
141000
10500
121500
79500
74000
39500
224000
40000
62500
13000
20000
138500
93500
86500
33500
17000
37000
25000
32000
131500
19000
84000
32000
117500
478000
32000
16500
89000
35000
60000
146500
456000
76500
324500
14500
110500
467500
64000
41500
36000
23000
459000
18500
27500
359000
15000
23000
48500
43500
30000
37500
20500
143000
21500
49500
68500
16500
34500
40500
418500
38500
12500
17500
24000
72500
19500
10000
137000
19500
13500
18500
27500
39500
31500
57500
25000
111000
68000
101000
20000
104000
19500
82500
28500
68000
35000
93000
24000
49000
148000
139000
22500
44000
133000
25500
108000
22000
425500
36500
33500
17000
50000
76500
142500
49000
36500
36500
19000
78000
122000
27500
389000
45500
25500
28500
150000
33000
28000
50500
32000
42000
49000
34000
41500
134500
83000
107500
47000
46500
48000
45500
18500
37500
26000
431500
345000
52500
32000
29000
96500
365000
45000
24000
37000
254000
133500
52500
206000
29000
25000
143500
46500
78000
126000
41500
43000
109500
273000
38000
31500
47000
24500
74000
132500
450000
39000
133000
36000
53000
16500
25000
12000
138500
280500
140500
34500
101000
21500
202000
289500
10000
22000
13500
89000
50000
387000
138500
14000
97000
25500
13000
135000
33000
36500
40500
43500
38500
174500
37500
26000
134000
47500
104500
46500
102000
12500
33500
10500
34000
49500
143500
141500
94000
46500
17500
36500
146000
43500
47000
120000
43000
29000
46500
78000
16000
45000
47500
37000
12000
89500
98500
80000
35000
47500
58000
49000
222000
30500
15000
71500
47000
477500
54500
120500
113500
39500
27000
49500
31500
59000
62500
40500
104500
26000
141500
98500
43000
102000
231500
48000
111000
87000
48500
117500
327000
101500
16500
23000
28500
39000
50000
15500
41000
22500
92500
62000
16500
45500
10000
51500
32500
124000
484500
27000
18500
45000
39000
23000
28000
19000
36000
15500
147500
46000
44000
25500
12500
28000
32000
17500
29000
122000
106000
17000
72000
85000
16000
43500
79000
94000
18000
335500
43500
14500
29500
25500
43000
26000
142500
13500
27500
34500
43500
49000
249500
105000
25000
119500
27000
17000
18500
69000
14000
28500
100000
28000
62500
25000
33500
45500
46000
280000
114000
43000
40500
93500
43500
31500
42500
23000
25500
18500
29500
22500
32500
12500
12500
50000
495500
129000
448500
12500
32500
77000
60000
442500
15000
85500
12500
15500
13500
74500
35500
55500
34500
61500
61000
24000
23500
10000
105000
47500
47500
12500
27000
18000
14000
48000
31500
66500
12500
43500
148000
24000
246500
39500
105500
33500
40500
45000
44000
138500
53500
58500
25500
25000
29000
59000
45500
12000
37000
49500
37500
21000
12000
187000
37500
477000
79500
35500
22500
28500
14000
197500
42500
127500
25000
143500
352000
82000
103000
15500
95500
12500
32000
40000
124000
19000
24000
47500
140500
48500
43000
44000
48000
36000
38000
157500
359000
83000
17000
128500
25500
21500
42500
83500
19000
78000
30500
30500
31500
38500
95000
12500
20000
34500
43500
28500
14000
116500
35500
38500
158000
13500
130000
113000
35500
293500
31500
122000
261500
13500
128000
104000
122000
43500
74000
230500
135000
12000
36500
75000
124500
45500
31000
111000
33500
14500
13000
36500
24500
93500
34500
21500
22500
367000
143500
126000
109500
466000
43000
33500
37500
46000
24500
50000
23500
31500
27500
24000
44500
19000
142000
49000
48500
149500
36000
49000
32000
35500
13000
22000
17000
34000
41000
31000
110500
40500
27000
42000
70000
23500
144000
21000
92500
78000
17500
51500
14000
40000
189000
30500
336500
40000
113500
46000
122000
62000
36000
35500
43500
117500
50500
141500
69500
18500
467000
57500
48000
12500
23000
46000
34500
16500
11500
147000
70000
44000
142000
40500
130500
20000
19000
24000
39000
380000
58500
43500
116000
25500
47000
131000
49000
96500
13000
109500
14000
82000
372000
23000
25000
380500
21500
31500
12000
32000
38500
10500
48500
37500
25500
27500
148500
78000
97500
51000
101500
376500
28000
37500
30000
30500
454000
45500
21000
140500
45000
114000
45500
97000
22000
82500
119500
134500
99000
40500
109000
69500
46000
31000
63000
324500
10000
297500
44500
117000
40000
16500
58500
14500
41000
38500
34500
144000
459500
45000
41500
486500
39500
105500
69000
20500
17500
25500
95500
88500
46500
96000
20000
34500
20000
145000
45000
50000
28000
37000
20000
140500
10500
40000
38500
24000
51000
20500
126500
19500
70000
132000
128000
12500
33000
44000
105500
10500
68000
11500
37500
22000
36500
11000
35500
108500
21000
47500
497500
16500
37500
20000
104000
26000
44500
43000
134500
270500
75000
42000
35000
33500
59500
12500
30000
62000
30000
28000
32500
90500
32000
94500
15000
17500
45000
101000
31000
38000
66000
40500
235500
223000
16000
39000
132500
42000
90500
86500
48000
46500
105000
20000
72500
31000
29000
21500
18000
132500
93000
370000
54000
19000
33500
94500
12500
11500
97000
37500
23000
116500
25000
25000
44000
33000
45000
37000
95000
26500
14500
16500
35500
432000
61500
138000
60500
46000
35500
47000
68500
490000
16500
30500
27500
37000
31500
13000
363000
335000
20500
47500
41500
49500
22000
120000
102500
15000
32000
64000
34500
45000
383500
240500
29500
33000
26000
58000
105000
17000
366000
22000
85000
10500
139000
80500
135500
42500
22000
42000
11500
42500
459000
31500
15000
22000
92500
91000
13000
33000
27000
175000
37500
12500
99500
448000
18500
12500
36000
21500
194000
14500
119500
30500
13000
38500
40000
406500
143000
10000
101000
36500
272500
66000
28500
120500
20500
59500
37500
31000
19000
45500
324000
90500
290000
34500
11000
50000
216500
21000
43000
15500
50500
16500
131000
19000
35500
68000
42500
14500
129000
42000
98000
124500
11500
148000
24500
118000
50000
141500
128000
150000
35000
16000
47500
30000
341000
145000
19000
137000
13000
20000
376500
53000
45000
37000
21500
16500
133000
90000
36000
23500
16000
29500
16500
15500
133000
20500
233500
40000
99500
18500
46000
82000
114000
12500
145000
39500
103500
44000
42500
147500
21000
146500
22000
86500
29000
274500
108000
10500
18000
277500
29000
70500
123000
82500
119000
35500
43500
42500
37000
19500
23000
95500
23500
74500
28000
373000
35500
22500
45000
18500
37500
114000
44500
20500
31500
102500
40500
57500
40000
93000
110000
48000
140000
183500
39000
318500
355000
28500
12000
30500
15500
90000
45000
32000
165000
47000
50000
15000
23500
137000
26500
42000
146000
16500
47500
50000
437500
44500
59500
56500
70500
22000
38000
44000
302500
149500
49000
139000
25000
62500
38000
89000
13000
266000
42500
379500
141500
317000
149000
21500
87500
140500
392000
10500
11500
27500
11000
14500
16000
132000
11500
29500
97500
24000
21000
52000
14000
116000
33500
28500
13000
14500
145000
30000
73000
86000
75500
132500
60000
25000
26500
74000
17000
482000
86000
334500
43000
22500
144000
338500
27500
13000
16500
37000
133000
97000
247000
29500
44000
19000
41000
40500
40500
13500
129000
104000
27500
133500
354500
79500
10500
86000
58500
30500
21000
460500
64000
120500
35500
24500
48000
43500
34000
114500
40000
37000
130000
19500
12500
41000
147000
29000
36500
55000
14000
45500
49000
31500
15000
39500
28000
58000
27500
36500
46500
111500
60500
113000
33000
29000
16500
17500
40000
208500
215000
289000
15500
35000
31000
20000
75500
244500
32500
137000
23000
181500
28000
65000
36500
39500
41500
351500
474000
307000
53500
28500
130500
40000
401000
450500
85500
22500
101500
