14000
33500
14500
50000
26500
22000
23500
33500
380500
24500
32500
135500
49000
60000
104000
16000
375500
19500
23500
156500
425000
13000
25000
40500
33000
72500
76500
42500
38000
33500
64000
67000
20000
67500
74500
11500
143000
145000
129500
37500
134000
48000
130500
28500
472500
35500
14000
38500
267000
21500
122000
18500
38500
71500
22500
122500
29500
60000
30500
113500
129000
40500
40000
39500
34000
33500
89000
251500
49000
269500
44500
33500
23500
107000
396500
13000
471000
487000
16500
149000
247000
113000
149500
50000
43500
412000
33000
11000
10500
19000
43500
132000
13500
64000
47500
118000
20500
50000
101500
40500
14500
120000
144000
21500
34000
16000
471000
23500
39000
97500
127500
112000
31000
47500
33000
133500
43000
125000
143000
45500
29000
341000
13000
45000
21500
10500
83500
101500
396000
154500
34500
97000
121000
11000
34000
49500
73000
24500
10000
288500
54000
30500
200000
31500
91500
44000
11000
123500
103500
38500
69000
139000
12000
41000
19500
52500
17500
45000
48500
206500
11500
45000
20500
11500
126500
80500
25000
26000
189000
14000
94000
340000
21500
106000
48500
32000
238500
62000
18000
14000
356000
18000
23000
48500
25500
17000
25500
42000
48500
25000
67000
267000
49500
102500
12500
41500
127500
86500
61500
10000
118000
10000
49500
35000
137000
264000
56500
113000
47000
65000
41500
241500
11500
30500
44500
42500
10000
18000
43500
46000
101500
69000
148500
21000
480000
130000
119000
41000
10000
48000
27000
11000
78000
302500
37000
21000
27500
68000
36500
10000
139500
36500
33000
34000
56500
27000
33500
110000
137500
72500
27000
14000
205500
421500
49000
19000
21500
11500
90500
20500
472000
17500
459000
70500
33500
18500
199500
129500
194500
44000
18500
17500
145500
144500
48500
84000
90000
45000
465500
60500
20500
33000
124000
98000
105500
107500
26000
149000
10500
29500
63000
11000
16500
386000
31000
101000
36000
21500
416500
401500
72000
33000
150000
27000
147500
84000
98000
16500
21000
35000
10000
46500
45000
126000
138000
125500
76000
25500
70000
35500
267500
282500
59000
39500
330000
74500
43000
49500
23500
118500
47500
80500
15500
98500
18000
43500
84500
60500
45500
70000
324000
46500
126000
27500
148500
135000
48500
45500
84500
150000
120000
14500
43500
42000
23000
44500
75000
50000
12000
74000
19000
40500
130500
76500
39500
45500
47500
28000
134500
26000
10000
24000
18500
22000
13000
39000
43000
14000
17500
138500
65000
11000
30500
499500
32500
86500
38000
42000
95000
43000
42000
44000
49500
44500
32000
13000
82000
21000
57000
366000
16000
21000
49500
71000
25000
178500
55000
40000
248000
48000
31000
92000
35500
30500
68500
42000
88500
35000
31500
36000
34500
25000
49500
67000
246000
26500
53500
34500
25000
48000
46500
129500
46500
22500
392500
110000
16000
32500
131500
44500
19000
366000
26500
23000
43000
96000
47000
44500
38000
107000
10000
37500
29000
49500
63500
35000
81500
16000
42500
40000
39000
10500
148000
431500
303500
57500
24500
47000
81500
125000
316500
487000
400000
32000
44500
133500
118000
17000
81500
14000
32000
57500
38000
12500
12000
23000
92000
66000
143000
383000
32000
45000
15000
27500
32500
96500
77000
87500
135500
15500
41500
84000
384500
50000
16500
95000
31500
41500
135000
77500
14000
23000
13000
135500
49500
60500
14500
245500
42000
123500
97000
15500
23000
37000
30000
93000
40000
354500
82000
47000
20500
102500
28000
33500
44000
19500
100500
70000
39000
44000
15500
37000
22500
20000
49000
25000
26000
116500
55000
62500
21500
43000
18000
359500
373000
447000
32500
106500
166000
21500
265500
32500
50000
11500
11500
74500
125000
19500
35000
45000
24000
21000
224500
19500
27500
262000
471000
83000
17500
37500
34500
43500
115500
35000
38000
16500
59500
92500
127500
86500
47000
131500
14500
129000
94500
131000
39000
42500
14000
45500
21000
18000
281000
50500
14500
20500
86000
96500
31000
24500
49500
46500
70000
143000
12500
38000
76000
303500
22000
45500
143500
16500
146000
146500
67500
61000
147500
131000
38000
51000
92000
18500
16000
139000
39000
150000
15000
55500
51500
44000
21000
44500
22500
433500
90000
26000
37000
17000
125500
148500
442500
14000
30000
47500
47500
55000
26000
62000
15000
114500
12000
130000
39000
122000
29500
27000
11000
136500
150000
97500
41000
28000
487000
257500
11000
69000
54500
16000
85000
27500
35000
66000
54500
82500
43000
313500
12000
119500
108500
175000
26500
115000
14500
373500
47500
22500
407500
27500
11000
13500
68500
29000
11500
19000
104000
36000
108500
30000
355000
34000
33500
150000
38000
76000
45500
101000
129000
32000
91500
19500
117500
67500
64000
48500
138000
121000
60500
17000
89000
80000
48500
30500
52000
478500
10000
40000
462000
35000
88500
24000
22500
399500
310000
52000
48000
16000
99000
43500
43500
267000
45000
32000
24000
51500
39000
76000
40000
25000
395500
19500
28500
15000
39000
36500
28000
15500
17500
37500
14500
129000
61000
29500
87500
41500
28000
45500
12000
37000
38000
499000
41500
22500
110000
13500
12500
127500
39000
105000
45500
147000
15500
50000
30500
40000
96000
30500
13000
16000
109500
451000
47500
164500
72500
133000
28500
155000
108500
47000
131500
52500
18500
38000
19000
34000
31000
25500
113500
36000
78500
61500
141000
28500
222000
101000
50000
22500
177500
41000
25500
140500
80500
40000
58000
14500
43500
144000
330500
123500
149500
45000
131000
70500
11000
17500
377000
47000
102000
40000
55500
143500
14000
43500
106000
187000
371500
39000
148000
93500
19500
22000
31500
35500
46500
14000
42000
35500
10000
15500
16000
22000
44000
11000
500000
14000
112000
30000
33500
21500
14000
148500
13500
15500
24500
191500
38000
34000
17500
16000
24500
27500
146000
48500
127500
30500
132000
17000
20000
100500
43000
35000
25000
27000
47000
25500
124500
18000
39000
19500
44500
121500
113000
18500
34500
19000
26000
54000
54000
17500
29500
63500
156500
472000
48000
46000
29500
55000
23500
14500
41000
461000
40500
37500
35000
25500
73500
21500
14500
39000
33000
443500
123500
37500
23000
47500
47500
17000
42000
92500
31500
44500
34500
12500
55000
40000
47500
121000
22500
126000
32500
34000
39500
19000
45500
45000
45500
299500
42500
26500
72000
24000
46000
23000
26000
341000
50000
50000
16500
24000
226000
107000
107000
49500
373000
31500
42000
31500
65000
14500
49000
26500
96000
92500
57000
191500
131500
50000
42000
33500
34500
18000
200500
84000
23000
19000
33000
33500
29500
44500
105000
29500
32500
389000
19500
71500
30000
10000
112000
26500
113500
63000
400500
89500
41000
52000
43000
37000
39000
50000
10500
104500
47500
44000
24000
127000
257000
22500
123000
83000
24500
36500
34500
42000
33500
50500
25500
204500
252500
39000
31500
114500
353500
36000
455500
26000
61000
134000
27500
27000
34000
41500
131000
21000
33000
55500
26000
15500
13000
22500
109000
12500
406000
23500
43000
26000
41500
41000
45500
49500
39500
15000
63500
26500
18500
104500
234500
77500
38500
73500
95000
82500
24500
99000
92500
64000
25000
43000
67000
46000
20500
50000
77500
45000
33500
19000
106500
20000
111000
67000
38500
42000
65500
120500
68000
49500
44000
13000
120000
25000
137500
15000
75500
18500
23500
39000
28000
279500
34000
29500
41000
36000
30500
303000
98500
11000
27000
42000
84500
89500
40500
21500
304500
190000
12500
43500
89500
107000
69000
107500
12000
81500
44000
50000
18500
22500
22500
402000
35000
61500
71500
31500
46000
15500
491000
34500
114500
48000
32500
41000
89500
33000
45000
33500
18000
13000
26000
146000
51000
17500
75500
13500
36000
48000
118500
124000
145500
43000
160500
74500
311000
75500
84500
19000
54500
25500
30500
98500
49000
35000
118000
15500
73000
23000
19500
31000
66500
11000
43500
110000
137500
33500
17500
23000
99500
46500
24500
110000
83500
14500
142000
63000
118000
40500
85000
43000
23000
381500
31000
49000
30500
44000
12500
238500
70000
22000
48500
28500
131500
19000
134500
17500
380500
103500
40000
45000
31000
102000
62000
86000
40500
391500
13000
48000
420500
30500
10000
73500
15500
50000
27000
48000
126000
40000
30000
45500
21500
86000
72000
93000
102500
47000
39500
32000
107500
21500
80000
45000
38000
60000
48500
15000
48000
34500
82000
202500
62500
48500
44000
35500
55000
55000
47000
484500
35000
209000
37500
24000
140500
132500
21500
42000
27500
80000
35500
356000
13500
25500
117000
13000
120000
143000
18500
190000
28500
40000
50000
39500
134000
125000
103000
88000
64000
265000
40500
41000
223000
31500
92000
29500
55000
387500
11500
19500
120500
37500
79500
490500
16500
358000
35500
138000
46500
10500
309500
30000
46000
472000
19500
31500
482500
72500
26000
145000
117000
50000
75500
117000
335500
79500
70500
44000
44000
332000
44500
36000
145500
28000
76500
422000
19000
27500
40000
15000
429500
69500
72500
146000
124500
114000
25000
42000
28500
88000
34500
459000
92500
106500
122500
10000
45000
10000
26000
150500
129000
38000
94500
36500
17000
43000
42000
35500
28500
49000
11500
45000
65500
203000
93000
48000
45500
127500
53500
17500
49500
36500
126500
115000
23500
34000
36500
143500
41000
39500
76000
109000
61500
141000
18000
395000
102500
62000
47000
48500
100500
137000
24000
117000
80000
38000
111000
73500
52500
44000
46000
270500
30000
53500
20500
35500
425500
27000
34000
46500
23000
128500
106500
39000
34500
48500
77000
141500
106500
32000
41500
31500
35500
18500
26500
33000
44500
31000
90500
31000
46500
16500
19000
39000
12000
19000
481500
34500
194000
13500
110000
27500
36500
32500
14500
113000
16500
14500
39500
27500
133000
253500
115500
46500
42000
23000
25000
69500
12000
49500
98500
33500
15500
69000
77000
53000
14000
29500
68500
55500
471500
49500
89000
43500
25500
24500
23000
37000
20500
16500
10000
25500
29500
64500
49000
203500
100000
64500
21500
10000
50000
12500
11500
39000
132500
42500
47500
93000
61500
104500
33000
132500
66500
15500
82500
29500
63000
101000
33000
23500
483500
333000
88500
39500
117500
15000
189000
18500
25000
150000
97000
38500
36000
141500
19000
23000
46000
32500
79000
14500
17500
31500
21500
145000
27000
33500
27000
43500
60500
43000
38500
44000
66000
26000
149500
115500
94500
47500
48500
131000
48500
145000
15500
34000
115500
204500
29000
49500
102000
157500
12000
12500
38500
101000
137000
37000
140500
22500
34500
416500
214000
48000
10500
112000
40500
432500
13500
39000
94000
84500
29000
54500
46000
26000
11000
54000
44500
48500
111000
20000
129000
42000
28000
43000
124500
36500
57000
46000
93500
378500
39000
17500
30500
34500
43000
17000
344000
111000
282500
12500
36500
22500
41000
60000
88000
51000
25500
12000
126000
35500
104500
15500
17500
142000
69000
42500
33000
119500
21500
32000
37500
38000
116000
17000
56000
24000
17000
48500
16000
138500
20000
34000
40500
146500
50000
26500
67000
18000
127500
45500
22000
26000
41500
142000
13500
78000
279000
336000
36000
12500
92500
78500
22000
89500
43500
30500
18000
27500
120500
148000
17500
10000
88000
34000
38000
40000
315000
38500
35000
47000
15000
17000
31500
50000
31000
39500
27000
37000
39000
47500
84000
49000
33500
17000
146000
53000
32500
22000
32000
23000
33500
12500
27000
40000
27500
346000
30500
99500
36500
41500
343500
11500
257500
137500
147000
13500
134000
10500
352500
43000
136000
499500
98000
149000
43000
19000
39000
17000
15500
35500
342500
148000
13000
29000
47000
58000
20500
58000
20000
39500
45000
139500
36000
33000
13500
13500
45500
37000
49000
104000
26500
25000
33000
36000
13500
64000
50000
34000
43500
85000
23000
45000
32000
95500
13000
26500
140000
34000
29500
32000
125000
38500
33000
457500
26000
15000
24500
23500
146000
37500
26000
17000
36000
27500
113500
14500
99500
26000
98000
27500
119500
42500
11500
24000
18000
14500
145000
47500
39000
74500
52500
48000
29500
305000
78500
43000
22500
41000
431500
33000
143000
19500
128500
31000
33500
22000
20500
86500
34500
20000
31000
84000
17000
42500
32500
432500
213500
29500
11000
126000
47500
146500
29500
86500
27000
72500
31500
39500
35500
33000
145500
56000
13500
214500
72500
12000
44500
16000
303000
81000
234500
70500
16000
17500
67000
27000
26500
144500
33000
55500
41000
57500
19500
21500
36500
15000
33000
34500
235000
121500
123500
442500
26000
49000
36500
106500
26000
458000
148000
359000
17500
42000
47500
27500
145500
38500
53000
41000
129000
130000
26000
352500
283500
15000
43500
28000
36000
23000
99000
34500
96500
43000
18000
422500
22500
32500
12500
49500
14000
181000
13000
34000
77000
11000
40000
89000
47500
46500
14500
466000
41000
15500
36000
122000
34500
31500
43500
50000
15000
129000
140500
41000
92000
387500
136500
47000
37000
47000
105500
77500
38000
30500
12000
142500
219500
11000
91500
360000
38000
46500
15500
16000
17000
26500
22500
33500
124000
123000
26000
111000
84000
18000
33500
20000
82000
122500
11500
114500
91000
42000
35000
200500
76500
12000
110500
107000
50000
12500
17500
446000
55000
40500
108000
46000
252000
321000
49000
145500
358500
42500
29000
138500
124500
19000
141000
198000
15500
41000
129000
41000
293000
29000
244000
94500
18000
49500
53500
42500
46000
60500
66500
30500
25000
19000
10500
10500
30000
33000
18000
465500
20500
49000
40500
59000
22000
38500
43000
275000
30000
28500
107000
42000
43000
93500
33000
37000
47500
134500
13500
133500
192500
119500
27000
25500
16500
25000
134000
28000
25000
72000
129500
20500
54500
44000
116500
19500
20500
48500
100000
34000
17000
123000
65000
46500
30000
63000
37000
49000
48000
15000
21000
25500
143500
42500
36500
97000
34000
54000
43000
64500
120000
35000
146000
38500
127000
108500
142500
34500
20000
50000
20500
12000
117500
32000
12500
48000
25000
27000
46000
50000
31000
114500
44500
37000
34500
58000
49500
87500
38500
34500
14500
123500
18000
50000
26000
49500
39500
190000
371000
114500
45000
116000
87000
106000
49000
121000
13500
472000
47000
136500
21500
45000
442000
14000
33000
19500
17500
145000
30500
39500
33500
46500
53000
22500
37500
38000
17500
17000
37000
12000
51000
103500
30000
36500
98500
13500
58500
43000
18000
466500
106000
56500
120000
12000
10500
496500
96000
49000
123000
147000
18000
19500
11000
70000
49500
95000
15000
29000
47000
72000
44000
94000
30000
28000
11500
55000
28000
44500
12500
24500
93000
37500
44500
44000
87500
104000
42000
26000
39000
96000
456000
38500
429500
30500
28500
40000
11000
15000
26000
17500
20000
19000
49000
36500
36500
93500
44500
42500
221500
28500
33000
41500
46500
23000
48500
43000
98000
51500
12000
37500
123000
46000
30500
149000
41000
49500
46000
136500
339000
394500
131000
22500
130500
21000
112000
275000
142000
56000
132500
25500
136500
24000
45000
25000
30500
58500
37000
54500
227000
34500
86000
23500
106000
167000
27500
30500
87500
12500
38000
49500
88500
61000
51500
44000
94000
132500
236500
16500
453500
16000
47500
12500
123500
122000
42500
18500
38500
29500
24000
46500
13500
19500
39500
42000
45000
36000
125000
31500
445000
81500
42000
22500
77500
27000
321500
53000
426000
339000
13500
45500
85500
119000
134000
13500
13000
58000
99000
30500
25500
108500
10000
60500
17000
21500
13000
11000
29500
38500
49000
289500
11500
149500
23500
28500
44500
26500
36500
107500
20000
23500
119500
92500
120500
47000
138000
270500
88000
92500
95500
43000
19000
25500
141000
39000
39500
49500
28000
17500
103500
33500
21000
49500
17500
35500
92500
74500
83500
43000
34500
296000
33000
12500
27500
355000
15500
19000
326000
90500
36500
88500
44000
95000
22000
16500
84500
12000
24000
142000
122500
38000
138500
43000
48500
25500
20500
422500
44000
29500
112000
185500
38500
11500
237000
405000
43000
34000
31000
37500
105000
435000
36500
31000
59000
29500
42500
40000
10500
16000
186000
26000
39500
29500
127500
22500
34500
11000
266500
27000
13000
23500
18500
39500
140000
33500
38500
27000
42000
39500
11500
13000
105500
48000
87500
42000
28000
35500
28000
51500
45500
37000
453500
17000
24000
109000
34500
368500
16500
62000
16500
17500
77500
126500
183000
157000
32500
29500
50500
428000
21000
118500
45000
31500
325500
96000
244000
87000
22000
76500
131000
98000
25500
112000
148000
148000
16000
242500
39500
31500
137000
15000
11500
131500
73000
27000
29000
21000
146000
249500
48500
29000
30000
40500
24500
33500
40500
72500
27000
36000
48000
32500
300500
49000
37000
393000
134000
142000
52000
26500
111500
67500
45000
35000
11000
55000
18500
27500
125000
97000
21500
68500
334000
40000
49500
18500
26500
247500
139000
55500
88000
46500
62000
23000
37000
43000
414500
45500
71000
83000
35500
112500
39000
37500
38000
98500
49000
47000
68000
36000
19500
17000
25500
37000
136500
48000
11500
41000
24500
22000
117000
89500
14500
14500
36500
30500
20000
99000
20500
480500
16500
38000
44000
31500
49000
51000
27000
169000
12000
61500
19500
28500
382000
49000
33000
17000
35000
104000
21500
145000
42500
45500
68500
10500
34500
11500
44500
24500
50000
47500
384000
376500
133500
45500
131000
35000
35000
23000
28000
328500
15500
30500
121000
34500
118500
147000
410500
16000
15500
20000
29500
70000
68000
31500
95000
70500
124000
123500
15000
95500
83000
21000
37000
26000
134000
74500
95000
384500
48000
18000
133500
21500
99500
491000
109500
33000
71000
100000
117000
104500
263000
31500
36000
141000
18000
72500
38500
31000
124000
45500
15500
178000
54500
44500
137000
115000
447500
36500
413500
49000
25500
116500
37500
96500
129000
98000
149000
124500
121500
202500
41000
96500
39000
123500
25000
29000
139000
50500
56000
106500
90000
146000
15500
53000
22500
15500
44500
291500
29500
445500
105500
366500
11000
147000
20000
105500
42000
32000
490000
21500
458000
40500
24000
14000
23500
343000
292000
40500
85000
97000
337500
49000
45500
44000
14000
36500
466500
67500
20500
124000
10000
13000
22000
12500
15500
14500
77500
71500
71500
26000
131000
107500
28500
57500
457500
23500
40500
252000
147500
15500
34000
131000
81500
107000
15000
16500
23000
127000
94500
46000
37500
30000
46000
19000
48000
115000
11000
50000
24000
25000
28000
31500
11500
11500
15000
61000
14500
48000
44000
123000
277000
32000
36500
139500
118000
83500
83000
267000
67000
58500
73000
25500
20500
107500
236000
19000
12000
71000
10000
17500
389500
80500
49000
42500
29500
26500
384500
48000
25000
39500
18500
485500
44000
453000
46500
237500
25500
114500
50000
250000
111000
492000
365500
24000
104000
49000
13500
21500
12500
35000
18000
38000
26500
236500
18000
112500
49500
129500
47000
18500
24500
132500
467000
23000
100500
37000
42500
24500
18000
49000
64500
44000
79000
64500
34000
75000
48500
84000
125000
25500
14000
45000
10000
45500
26000
13000
90500
36000
383000
26000
17000
50000
12500
14500
20500
12500
127000
12000
134000
420500
148000
35500
407500
18000
45500
36500
37500
27000
43500
95500
37000
40500
27500
30000
20500
39000
103000
114000
19500
38000
24500
41500
28000
18500
14500
39000
15000
388500
63500
121500
39000
134000
29500
49000
99500
48500
25000
72000
14500
82500
88000
280500
33000
27000
173500
126500
219500
18000
27500
95000
27500
23500
469500
48500
78000
29000
55000
424500
47500
175000
466000
216500
17500
21000
32500
40500
301500
78000
94500
78500
19000
35500
33000
453500
133000
27500
30500
139000
40500
20000
328000
79000
25500
228500
18000
31500
30500
31500
78000
145500
29500
130500
12500
122000
33000
33000
477000
75000
13000
42500
149500
17000
142000
339500
230000
20000
73500
43500
69000
22500
49000
39500
136000
100000
20500
21000
21000
49000
23500
27000
49000
28000
50000
12500
34000
123000
36000
12000
58000
16000
39000
96500
34000
10500
36500
146500
129000
35000
13500
57000
361000
58000
93000
36000
167500
130000
366500
17000
58500
13000
72000
34000
85500
333500
105500
31000
35500
127500
146000
11000
345000
148000
108000
114500
33500
253000
12500
34000
43500
55500
12000
22000
34000
42500
432000
76500
51000
21000
48000
37000
13000
15000
10000
23000
27000
22000
22000
140000
296000
135000
33500
14000
12000
12000
45500
26000
17000
25000
40500
32500
76500
241500
17000
21500
18500
145000
117500
133500
26000
43500
28500
82000
31000
28000
38000
39500
140000
98000
66500
39000
353500
31500
27500
13000
80000
43500
89500
20000
139000
59500
136500
40500
22500
24500
33500
40500
39500
11000
96500
170000
22000
172500
42000
38000
97000
42500
32500
23500
101000
33000
24000
104500
96500
28000
41500
179500
26000
149500
39500
144500
47500
30000
135500
85000
20500
75500
11500
20000
36000
99500
31000
49500
489000
27000
26500
89500
25000
46500
14500
100500
22500
115000
347000
34500
69000
31500
114500
22000
69500
35500
47500
25000
27000
21000
38500
42000
149000
241500
106000
131500
74000
19000
447500
15500
41500
104500
20000
433000
149500
19000
445000
148000
72000
15500
36500
325500
50000
25500
37000
457000
140500
24500
25500
40500
42500
74500
107500
149000
38000
251000
29000
87500
28000
116000
74000
352500
16500
48000
12500
354000
24500
18500
18500
21500
132500
126000
26000
143000
46500
31500
17500
108000
50500
98500
122000
22500
154500
108000
35000
24000
131500
23000
50000
59000
141500
43500
363500
31500
56000
27000
120500
33500
132500
46000
81500
43500
40000
29500
20000
98000
73000
44000
18000
145500
329000
23000
18500
29500
351000
138500
38000
34000
46500
12500
44000
14500
19000
37500
107000
61500
137500
145000
26000
26500
30000
14500
283000
42500
46500
24500
11000
10000
39500
40000
91500
100000
12000
107000
29500
40500
117000
105000
25500
22000
13000
20500
60500
22500
14000
71500
135500
14500
44000
111500
34000
17500
443500
12500
135500
23000
129000
20500
34500
42500
66500
432000
45000
99000
94000
16500
129500
27000
169500
292000
108500
13500
25500
42500
39000
16500
44000
133000
43000
49500
64500
85500
122000
29500
42000
35500
15000
45500
53500
140000
29000
14000
21500
26000
121000
40000
20000
22000
35000
29000
13500
38000
54000
26000
131500
47000
20000
83500
14500
31000
65000
141000
368000
115500
35500
10500
25500
19500
408000
12500
65000
33500
38500
33000
79000
40000
139000
53000
41000
24000
36000
49500
16000
33500
75000
42500
34500
144000
35000
31500
100500
87500
29500
38000
147000
22500
31000
12000
19500
58000
80000
118500
24000
324500
10000
107000
11500
22500
20500
49000
49000
148500
60000
64500
25500
101500
55000
13000
41500
48000
30000
146000
150000
26500
46500
74000
270000
42000
122000
320500
477000
39500
26000
29500
95000
32500
123000
31500
286500
38000
41500
106500
19500
41000
88000
33500
95500
44500
44000
39000
68500
92000
24500
35000
31000
33500
47000
119000
80000
91000
36500
469500
29000
33500
117500
30000
32000
56000
39500
18500
62000
146000
243000
34000
79000
13500
43000
70000
48000
382500
18000
22500
137000
83000
48500
47500
98500
24500
15000
11000
145500
109000
62500
15500
103000
21000
23000
20500
32500
71000
29500
87000
21000
23000
25500
46000
147500
388500
139500
74500
48500
120500
392000
48000
395500
84000
53000
50500
10000
25000
147000
416000
417500
45500
370500
33000
61500
61500
341000
23000
20000
50000
33000
26000
24000
39000
200000
40000
141000
68000
30500
89500
23000
26500
32500
252500
43000
31000
125500
36000
16500
35500
25000
48000
223500
27000
11500
47000
146500
122000
123000
47000
22500
22000
394500
15000
103000
27000
42000
47000
141500
106500
44000
66000
75500
472000
54500
12000
52000
64000
138000
120000
44000
29500
88000
46000
79500
79000
31000
13500
42000
48500
361500
37000
44000
32000
40500
17500
77000
29500
31000
26000
43500
118500
37500
39000
91500
107500
27000
46000
87500
119500
10500
24500
14000
135500
356000
34500
37500
21500
379500
26500
106000
36000
43000
83500
492000
138500
97000
46000
50000
34000
29000
43000
114500
244000
67000
34000
97500
45500
149500
14500
97500
34500
37500
43500
13000
13000
127000
44500
37500
278500
19000
98000
80000
10000
207000
41500
70500
44000
26000
39000
17000
28000
24500
39000
39500
46500
44500
33500
58000
35500
128000
58000
402000
19500
19500
91000
234500
32500
45000
481000
78000
29000
132500
18500
32500
50000
42000
48000
12500
207000
17000
24500
29000
37500
69000
45000
40500
108500
135500
89500
48000
136000
66500
98500
71000
23500
119000
17000
48500
121500
12000
47000
369000
119000
20500
18500
34000
37000
44000
17500
89000
233000
30000
439000
76500
34000
47000
17500
60500
10000
29500
274000
39000
45000
27000
18000
161500
93500
19000
53000
35500
79500
89500
16000
44000
371000
43000
46000
47000
134500
34000
46000
26000
114000
51500
11500
12500
34500
145500
40000
26000
31000
35000
104500
42000
10500
22000
18500
38000
32500
20500
36000
11000
37500
40500
95500
148500
127000
472000
12500
22500
35000
27500
482000
11000
44000
174000
13000
14000
43000
38000
330000
30000
30000
151500
33500
111500
70500
85500
11500
26500
14000
79000
17500
93500
61000
28000
77500
50000
51000
239000
36000
104000
68000
75500
44000
17000
47500
31000
21000
30500
17500
27000
104000
40000
16500
35000
327500
17000
68000
61000
33000
50000
495500
312500
48000
18500
10500
43500
81500
29000
29000
33500
23000
78500
75000
85000
140500
40500
20000
68000
21500
38000
27500
135500
44000
70500
20500
35500
26000
293500
27500
56000
47000
43500
20000
33500
29000
116500
133000
15000
24500
23500
110000
20500
19000
88000
195000
49500
138500
30000
48500
13000
257500
25000
73000
104500
141000
23000
42000
10000
11500
426000
32500
26500
24500
50000
17000
109500
34000
44000
48000
43000
38500
15500
30500
32000
73000
32000
31000
43000
61500
27500
29500
12000
80500
44500
92000
95000
29500
47000
393000
87500
36500
145500
12500
13500
38500
104500
127000
18500
93500
10500
86000
41500
322000
118000
119000
29000
12500
108500
48500
297500
47000
44500
13000
29000
58000
13500
42000
10500
15000
27500
29000
34000
54500
30000
117000
60500
20500
15000
48500
14500
19500
24500
415500
19500
120000
426000
147000
49000
16500
49000
95000
46500
22500
14000
86000
75000
28500
54500
11000
12500
34500
223000
103500
69500
20500
50000
31000
29500
18500
19000
22500
25000
15500
29000
49500
36000
106500
51000
44000
30500
13000
37000
28000
23000
26500
113000
25000
148000
133000
41500
28000
38500
50500
47500
208000
65000
15000
20500
137500
26500
48000
22500
94500
10000
125000
17500
11500
75500
26500
275500
389000
121500
26000
44000
121500
37500
129500
37000
29500
18000
20500
11000
98000
42500
49000
75500
10000
37000
91000
71500
38000
85000
48500
249500
29000
17000
41500
335000
13000
107500
49500
50000
11500
73500
122000
33500
44500
11000
97500
24500
48000
65000
149500
44000
199000
43500
26000
37000
36500
46500
39000
61500
21000
18500
16500
32000
36000
67000
17000
27000
14000
15500
42500
56500
36000
35000
35000
34500
38000
106500
419000
39500
90500
42000
40000
134500
50500
21000
24500
47500
39000
20500
84500
23500
21000
115000
36000
95000
71000
347500
43500
16500
12500
37000
40500
11500
12500
83000
33500
28500
12000
191500
45000
470000
31000
44500
127000
21000
22000
47000
32000
110500
41000
25000
50000
72000
25000
34500
159000
489500
93000
39000
147500
13000
29500
13500
31000
11000
39500
17500
219000
96000
113500
27500
145000
19000
31000
37000
17500
45500
66000
20000
38000
46000
43500
319000
44000
138000
12000
347000
20000
34000
42500
49000
70500
41500
34000
39000
122000
54500
128000
119000
90000
37000
114000
109000
72000
14500
25500
28000
26000
77500
68000
59500
118500
432500
37500
24000
41000
15500
12000
38500
32000
148000
45000
25500
41500
421500
13500
32000
16000
64000
135500
33500
35000
102500
19000
23000
16000
47500
34500
24000
32500
70000
35500
102500
49500
40000
371500
125500
24000
348000
25500
118000
14500
45000
14000
47500
44500
34500
16000
24500
42500
23500
43000
49500
40500
30500
139000
83000
11000
46000
149000
21500
96000
80500
20000
37000
131000
25000
22000
24500
15000
466500
40000
22000
467500
15500
43500
18000
19000
17500
46000
11000
39000
26000
33000
140000
130500
43500
15000
384500
117000
447000
25000
22500
10500
34000
38000
327000
22500
101500
135000
56000
45000
22500
112500
118000
10000
13500
23500
82000
25500
11500
32000
41000
37500
29000
11000
111000
94000
211000
13000
140500
106000
38000
136500
18500
113500
64500
44000
37000
22500
25500
13500
15500
14500
128000
10500
32500
300500
69000
123500
90000
27500
120000
25500
50000
97000
364500
28000
25000
22000
25000
23500
29000
462000
46000
34000
143500
11000
25500
24500
30000
44500
76000
26000
17500
147500
101500
43500
149000
26000
23500
45000
19500
74500
91500
19000
13000
422000
45500
33500
49500
46000
27500
102500
45500
43000
104500
37000
27000
441000
43500
12500
265000
75500
45000
39500
140500
19500
28500
13500
25500
244000
105000
14500
394500
90500
15000
106000
31500
101500
47000
432000
353500
37500
185500
27500
36000
38500
10500
12500
34500
11500
85000
45000
130500
86500
21000
309000
41000
38000
145000
25000
166500
30500
33500
20000
40500
72500
52500
44000
40500
49500
106500
31500
44000
10000
57000
105000
44000
24000
18000
24500
29500
11500
124500
440000
168000
108000
32000
22000
49000
135000
13000
41500
40500
28000
108000
13500
131500
110500
236000
44000
41000
75000
74000
27000
120500
447000
28500
138500
42500
25000
101000
61500
22500
236000
34000
21500
64000
121000
31000
44500
48000
43000
48500
10000
147000
27500
31000
36000
122000
42000
17000
143500
28000
74000
38000
150000
36000
17500
26000
33000
39500
44000
75000
20500
134000
23000
127500
25000
39000
144500
33000
41500
91500
48000
47500
18500
357500
46000
82000
415500
42000
130500
15000
34000
231500
26500
145000
87500
46000
74500
18500
105000
29500
101000
71500
25000
14000
47000
53000
115500
13000
37500
57500
61500
499500
68500
14500
11500
271500
18500
377000
31500
23500
39000
278500
23000
37000
28000
89500
13000
129000
109500
172000
24000
50000
12500
319000
42000
100500
19500
20000
46500
34500
25000
87500
18500
51000
92000
72000
58500
83000
242000
30000
11000
40000
16500
146500
46000
360500
21500
61000
13000
19500
15000
288500
23000
24500
30500
79000
93000
50000
13500
14500
60500
27000
58000
16500
12000
28500
27500
93500
67000
10000
43500
307500
12500
19000
98000
18500
38500
76000
29500
45000
25500
43000
46000
177500
24000
108500
40000
21500
43000
21000
122000
26500
33500
13500
41500
49000
47000
171500
48500
111000
10000
145500
39000
337500
23500
69500
32000
33500
91000
47500
113500
16500
37000
42500
10000
47000
15000
50000
47500
11000
29000
15500
86500
15000
37500
16500
12500
32500
75500
43000
12000
118500
344500
146500
13500
19500
118500
339500
34000
55000
12000
114000
45000
74000
100500
19500
33000
47500
124500
419500
86000
117500
122000
319500
26000
133000
68000
67500
25500
124000
58000
82000
14500
331500
12000
42000
116500
14500
37000
43000
31500
45000
10500
17500
37500
31500
73000
17000
124000
49000
95500
29500
91000
17500
82500
97000
48500
148000
45000
105000
20500
32500
355500
120500
29500
141000
53000
141000
16000
147500
41500
185000
38000
34500
22500
38500
38000
15500
16500
110000
80000
17500
317000
47000
132000
11500
22500
145500
37500
19000
57000
44000
104500
31500
39500
69000
37500
133000
14500
423000
353000
129000
28000
30500
46500
24500
108000
46000
13000
29500
13000
293000
10000
85000
14000
22000
21000
44500
42000
13000
75500
46500
137500
120500
26000
27500
37500
271000
32500
32500
31000
42500
36000
26500
115500
134000
432000
14500
23500
18500
83000
148000
397500
128500
98000
35000
13500
38000
13000
327500
20000
124000
11500
97500
28500
38000
103500
129000
487000
22000
70000
12500
149500
98500
138500
44500
402000
25500
15000
42500
110000
26500
36000
35500
39500
19500
16500
27000
21000
58000
40000
40500
27000
471000
45000
41000
42500
38500
14500
44000
45000
74500
19000
40000
96000
107500
81500
106000
38000
127000
39000
11000
65500
24500
14000
34000
144500
20000
14500
44500
18500
47500
92000
38000
21500
133000
61500
130500
150000
273000
22000
44000
37000
148500
82000
218000
244000
31000
18000
32000
486500
50000
14000
137000
145000
23000
119000
132000
50500
105000
118500
21000
148500
66500
12000
81000
125000
449500
35500
44000
95500
27000
46000
49000
43000
41500
48000
69000
37000
40500
61500
50000
307000
56500
16500
29000
207500
32500
44000
32500
15500
26000
293000
144500
17500
27500
23500
17500
273000
25500
32500
37000
106500
25000
30500
482500
20000
139500
144000
49500
167000
99500
41500
75000
134000
189500
147500
395000
10000
60500
82500
30000
373000
45000
28500
107000
148000
30000
20500
20000
86000
79500
137500
28000
111000
38500
294500
81500
112000
47500
104500
43000
10000
143000
114000
43500
40500
215000
21500
493000
87000
44500
89500
27500
15500
64000
143000
48000
42000
23000
24000
27000
98000
138500
42000
33500
122000
61500
128000
49500
90000
117500
423500
21000
73000
17000
69000
84000
27000
38500
11500
45000
45000
49000
48000
19000
51500
19500
131000
16000
30500
45500
132000
28000
30000
282000
45500
22500
40000
11500
10000
17000
11500
93500
22500
22500
87500
36500
15000
33500
67500
35500
32500
166000
137000
46000
49000
28000
96000
437000
48000
40000
126500
78500
150000
10000
97500
10000
52000
64000
30000
26500
391500
102000
17500
79500
24500
97500
76000
13500
14500
83000
119000
67000
41500
61500
125000
26500
19500
49000
308500
73500
14500
62000
34000
40500
114500
13000
129500
76500
14500
135500
19000
127500
17500
43500
109500
10000
30000
41000
26500
46000
11000
114000
41000
40000
36500
35500
48000
45000
117500
14000
43000
12500
84500
131000
12000
28000
22500
42500
118500
126000
19500
10500
70000
198500
45000
35000
29000
18500
83000
10500
313000
11000
37000
49000
13500
45500
91500
12000
35500
112000
431500
43000
69500
11000
10000
20500
29500
128500
93500
93500
25500
128500
32500
70500
29000
11500
447500
41000
130500
45000
22500
488000
47000
13500
202500
27500
290500
136500
23000
137500
16000
23500
427000
33000
45500
14000
17000
28500
30000
150500
11500
42000
42000
17500
13500
27000
40000
29000
437500
63500
41500
48500
41000
16000
135000
36500
21500
99000
61500
146500
38500
13000
109500
25000
25000
136000
478500
61000
41500
27000
29000
15500
437500
50000
22500
32000
15500
10500
45000
109000
117000
43500
40000
88500
131000
66000
138000
88000
41000
121000
22000
38000
11500
305000
30500
32500
17000
32000
72500
18500
24500
116500
325500
28500
37500
22500
17000
143000
361000
33000
35500
47500
34000
14500
29000
76000
17500
33000
23000
37500
50000
101500
27000
133000
44500
146500
102000
10000
23000
18500
124000
18000
36000
61500
317000
39000
130000
113000
38000
114000
122000
116000
95000
418500
76500
43500
11500
19500
91000
251000
454000
27500
17500
50000
67500
331500
68500
118000
31500
43500
25500
40000
21500
149000
43000
17500
43000
29500
132000
246500
335500
39500
99500
349500
24000
74000
50000
26500
32000
48500
49500
66000
48500
21000
28500
481500
45000
332000
34000
41500
135000
38000
46000
30500
23000
20000
42500
16000
22500
30500
13000
10000
119000
42500
44500
31500
35500
72500
317500
23000
17000
25500
48000
20000
80500
389500
70000
103000
40000
44000
46500
114500
31000
107500
42500
126000
100500
12000
98500
46500
190000
19000
47500
491000
41500
37500
106000
55000
33000
141500
99000
46500
26000
19000
129500
102000
139000
10000
12000
32500
49000
179500
36000
41000
27000
47000
149500
24000
122500
25000
124000
30500
13000
97000
28500
13500
49500
19000
94000
134000
45000
492500
48000
23000
203000
18000
31500
84500
392000
39000
260000
18000
29000
405500
137000
25000
49500
32500
201500
72500
46500
52000
156000
36000
25000
41500
31500
21500
34500
29000
18500
11500
82000
22500
69000
22000
38500
31500
119500
80500
105000
43500
243000
100500
86500
73000
122500
114000
21500
14500
34000
34000
36000
44000
126000
34000
29500
130000
23000
15000
20500
46000
38000
44000
418500
46500
125500
86000
295000
148500
19500
47500
15500
465000
32500
50000
42000
15500
139500
18500
38500
44000
83000
10000
25000
48500
44500
12000
84500
317000
41000
127500
23000
39500
24000
33000
161000
24500
25000
30500
99500
27000
49000
33500
440500
135000
38000
135500
51000
149000
19500
62500
183000
24500
22500
27500
24500
22500
336500
22000
16500
144500
43500
51000
460000
101500
121000
44500
84000
45500
113500
112500
338500
20500
33000
41500
73500
17000
44000
68000
19000
45000
45500
32000
28500
34000
32500
45500
48500
17500
133000
41000
30500
10500
35000
26000
25500
10500
19500
451500
45500
12000
105000
21500
31500
39500
153000
26000
115500
415000
38500
12000
427500
329500
29000
220500
19000
12500
123500
73000
47000
40000
32500
32000
110500
127000
13000
135500
43000
17500
15000
37000
142500
43000
24500
149500
51000
34000
68000
61500
61500
15500
128000
83000
34000
207000
21500
69000
129000
46000
17000
100500
17000
41500
39500
29000
14500
28500
35500
36000
17500
42500
17000
139500
38000
50500
29500
12500
78000
37000
40000
13500
44000
90000
29500
51000
12000
33000
48000
205500
16500
72000
73000
27000
47000
13500
343000
49500
52500
16500
47500
21000
22000
44500
85500
47500
23500
41500
42500
38000
136000
35500
268000
23000
37000
11000
146000
149500
77000
23000
37500
12000
67500
59000
47000
38500
20000
296500
12500
47500
91000
104500
31000
23500
141000
36500
33000
26000
23000
15500
10500
39500
45500
13500
21000
26500
29500
70500
148000
41000
125500
29500
41500
125500
38500
358500
38000
231000
34000
25000
325000
59000
11000
148000
141000
43000
24000
66000
44000
41500
40500
39500
338500
145500
53500
55500
42000
14000
41500
176500
16500
473500
45000
40500
34000
33000
42000
31000
48500
15000
16500
14000
25000
34000
265000
46000
18000
22000
234500
87500
112500
133500
17000
46000
65000
245000
14500
16000
50000
14000
11000
39000
122000
113500
37500
149500
29000
13500
40500
18500
405000
45000
105500
12000
99500
33000
31000
69500
40000
24500
35500
10500
23500
37000
10500
109500
138500
21000
16500
29500
20500
121500
47500
44500
26500
21000
108000
34000
33500
137000
102000
140000
11500
31000
305500
403500
50000
380500
46000
15500
43500
18000
14500
14000
38000
213500
42500
52000
140500
43500
16000
25000
48500
147000
92500
100500
78000
482000
35500
53500
24500
35000
470500
63500
20500
50000
234500
28500
10000
275000
83000
39500
172000
490000
129000
121000
17000
130500
29000
122000
22500
12500
47500
40000
132500
331000
10500
35500
27000
11000
139000
27500
125500
65000
41000
129000
37000
47000
44500
61500
18000
85000
85000
88000
16000
122500
40000
123500
34000
20000
39000
26000
32500
38500
398500
143500
45500
60500
146500
364500
20000
36500
244500
110500
35000
34000
287500
23500
180000
37000
31500
29000
18500
20500
17000
31000
13500
11500
85000
147000
13500
17000
130500
43000
26500
14500
177500
48500
31000
115500
36500
125000
72000
35500
147500
14500
21500
121500
19000
43500
313500
17500
16500
88000
47500
33000
44500
15000
321500
489000
29500
11000
462500
145000
11000
36000
70000
14000
45500
31000
46000
26500
130500
281500
45500
47000
23000
22500
31000
29000
11500
28500
446500
13500
121500
27500
289000
31500
100000
454500
473500
39500
71000
190000
26500
68500
447500
28500
22500
47000
14000
14500
47500
17000
42500
63500
23000
22500
125000
26500
78000
27500
58500
42000
22000
44000
22000
39500
423000
40500
28000
22500
118500
12000
321500
30000
282000
30000
10500
154000
38500
81000
110500
22500
142500
33000
16000
102000
47000
26500
15000
39000
125000
93500
86500
14500
102500
105500
25000
34000
37500
336500
87500
41500
86500
45500
16500
24500
31000
13000
49000
38500
15000
36000
29500
44000
19500
208000
144500
16000
129500
22500
40500
20000
48000
37500
15000
14500
34500
14500
19500
34500
304500
43000
65000
63000
85000
94000
47000
24500
12500
12000
76500
27500
133000
121000
48500
142500
150000
97500
90000
356000
54000
37500
130000
32000
135500
112000
92000
42500
108000
130000
37000
43500
149000
44500
10500
37000
30000
47000
17500
12500
70000
44000
59000
155000
24500
37000
89000
33500
77000
269500
28000
10500
122500
91500
121500
42500
35500
52500
98000
54500
48500
32500
23500
212500
146000
381500
23500
41500
82000
14000
36500
14500
63500
29500
129500
12500
19500
17500
48000
44500
14500
341500
51500
73000
47000
10000
29000
89500
10000
38500
64000
91500
13000
33500
39000
10000
14500
10000
23500
447500
144500
123000
222500
20000
88000
15500
38000
30000
12000
92000
49500
17000
57500
59500
38000
18000
26000
13000
25500
22500
21000
36000
369500
152000
31000
76500
91500
27000
40000
84000
38000
398000
346000
38000
104000
88500
90500
135000
145500
30500
362500
31000
41500
27500
41500
49000
138500
39500
149000
33000
49000
29000
115000
74000
27000
14500
41500
40000
98000
11500
89500
32500
48500
51000
45500
27500
18500
74000
120000
37000
33000
37500
43500
34500
46500
32500
72000
15000
40500
42500
197500
319500
28500
15000
135500
23500
77500
281500
47000
29500
34500
118000
20500
48000
10000
41500
33000
39500
27000
290000
36000
44000
17500
31500
172000
11500
36500
47500
40500
10000
24000
150000
53500
66000
127000
19000
30500
16000
141000
39000
13000
78000
15500
25500
21500
43500
37500
104500
127500
24500
83500
40500
82500
122500
131500
31500
152000
320500
16000
48000
146000
97000
42000
405500
133000
39500
79000
39000
46500
17500
21500
78500
104500
12500
26000
65500
351000
16500
138500
128000
43500
37000
34500
30000
43500
82500
38000
39000
103500
36000
46000
85000
23000
49500
38000
66000
100000
30500
20500
102000
140500
17000
47500
467000
58000
45500
78500
10000
32000
66000
13000
63000
15500
143500
143000
16500
113500
10000
33500
16500
41500
22500
35000
33000
34500
123500
384000
35500
84000
13000
16000
74000
43500
40000
35000
10500
118500
36500
36500
344000
48000
63000
110500
87000
29500
32000
52000
116500
315500
139000
127000
38500
89500
43500
22000
69000
28000
48500
17000
139500
44500
252500
134000
151000
31000
79000
27000
129000
141000
28500
28000
30000
24500
40000
357000
36000
30500
23500
30000
15500
135000
97000
288500
33500
117000
33000
121500
34500
12500
48500
48000
114500
137000
30000
52000
87000
26000
26000
219500
85000
31500
39000
47000
22500
63000
131000
38000
23000
128500
21000
33500
38000
34000
33500
41500
486000
10500
25500
35500
61000
484000
99500
238000
37000
139000
48500
186500
141500
120500
109000
124500
33500
28500
17500
14000
154000
74500
463000
26500
42500
37500
46500
202000
110000
190500
458000
17500
55500
27000
48000
144000
83500
78000
63000
74000
469500
40500
109000
43500
28500
220500
18000
30000
34000
14000
12500
49000
19500
263500
38500
23000
33500
58000
20000
90500
19000
103500
36500
53000
12000
14000
19000
118500
113500
44500
14500
40000
22000
17500
37500
257000
21500
281500
392000
25000
13000
118000
105000
78000
25000
72000
71000
16500
44000
37500
41000
18000
33000
49000
40500
38000
131000
39000
144500
11500
15000
139500
21000
129500
34500
27000
29000
42500
32500
13500
29000
18000
12500
108000
18500
18000
91500
76000
46500
22000
26500
33500
472500
13000
43500
87000
31500
103500
48500
74000
44500
15500
120500
410500
35000
37500
77500
101500
49500
81500
34000
25000
121000
35500
17500
24500
19000
71000
61500
17000
118500
78500
14000
23500
24000
35500
18500
352000
16500
142000
25500
420500
36000
57000
243500
18000
47000
29500
36000
22500
144500
36000
115000
26500
49000
50000
147000
58000
32000
43500
62000
103500
44500
47000
20500
17000
30000
12500
38000
366500
38000
20000
26000
95000
15000
31000
107500
30500
149000
478500
41500
77000
23000
44000
39000
18500
13500
41500
48500
47000
74000
20500
29500
106500
27500
112000
177000
20500
31000
110500
17000
10500
30500
11000
23000
13000
90500
120500
39000
101000
12500
30000
44500
122000
94000
37000
18500
108500
23500
236000
186500
24000
18000
184000
30000
12000
29500
130500
47500
123000
58000
20000
38500
49500
49000
105500
420500
492000
116000
48500
151500
15500
18000
35500
60500
16000
492000
235000
159000
43000
45500
27500
44500
27000
44000
14500
25500
31500
36000
15500
18500
37500
436500
48000
143000
16000
26000
140500
17000
66000
33000
14000
14500
56000
127000
18000
104000
48500
49000
201500
24500
71500
55000
33500
83500
41500
15000
24000
14500
94500
436500
55500
10500
31500
127500
82500
81000
113500
11000
293500
105500
22500
10500
133000
81000
139000
18000
37000
316500
43000
20000
182500
113000
129000
11000
29500
82500
143000
62000
19500
305500
86000
37500
30500
382000
44500
32000
28000
10000
482000
51000
14000
16500
74000
50000
16000
327000
142500
10000
19000
14500
13000
15000
132500
108500
301000
99500
148500
62000
13000
126500
34000
346000
252000
23000
37000
26000
86500
14000
99000
18500
11500
26000
45000
27500
33500
109000
10500
33000
146000
97500
113500
77500
56500
14000
50500
83500
138500
40500
37000
50000
349500
53000
35000
22500
33000
77500
18000
108000
39500
38500
10500
44500
41500
472500
46500
26000
33000
106000
15500
192000
26000
44000
43000
36500
32000
131500
19000
109000
130500
94000
396000
13500
49500
27000
47500
32500
379000
43500
31500
33000
36500
28500
115000
212500
78000
373000
42500
22000
70000
86000
14000
98000
129500
46000
15000
36000
43500
10500
43000
44000
17000
13500
32000
12500
32500
74500
58000
20500
25000
17500
43000
122000
56500
28500
76500
124500
404500
84000
47500
135500
46500
11500
38500
176500
30500
25500
43000
49500
29000
30000
39000
16500
27500
14500
73000
26500
131500
39000
332500
16000
28000
429500
491500
435500
41500
119000
10000
46500
39000
469000
42500
20000
31000
73500
25500
26500
47000
60000
147500
11500
32500
27000
90000
27000
43000
30000
17000
13500
45500
40500
68500
20000
17500
40500
213500
176500
38500
39500
34000
24500
395500
39000
23500
126000
140500
14500
11000
23000
79500
43000
31000
35500
35000
13000
85500
268500
22500
77500
30500
131500
11000
25000
10500
110500
11500
40000
64500
142500
40500
143000
139500
109000
17000
26000
85500
142500
20000
40000
44000
22000
39500
19500
71500
35000
25500
45500
128000
361500
37500
148000
47000
49000
92500
124000
30000
22000
42500
23000
148500
21500
26500
285000
12500
38500
49500
122000
23000
11500
101000
477000
25500
87000
38000
26500
127000
18000
145500
476500
30000
261000
23500
85500
37000
116500
32500
23000
43000
61000
144000
206500
38000
34500
41500
15500
25500
43000
30000
38500
97000
35500
116000
45500
17500
113000
51500
49500
70000
43000
38500
47500
78500
37000
21500
10000
110500
125000
19000
33000
31000
113500
42000
125500
116500
40000
14500
16500
10000
49500
496000
352500
395000
95000
48000
39000
31000
50000
65500
31000
55000
23500
483500
71500
44500
74500
208000
36000
97000
124500
121000
46000
90500
17500
163500
51000
28000
102000
395500
328500
13500
17000
200000
16500
31500
46500
83000
44000
101000
55500
16000
13500
65500
77500
43500
13500
28000
25500
19000
25500
32000
47500
149000
203500
61000
12500
135000
88000
29500
34500
32000
28500
61500
28500
10500
235500
12500
58000
41500
130000
125500
23000
26000
34000
47000
24500
137000
26500
100000
32500
18000
107500
434000
134500
143500
11000
18500
31500
109500
490500
80000
376000
44500
30500
70000
28000
12000
43000
11500
43500
46000
96000
25500
131500
12500
26500
116000
92500
26000
25000
95000
394000
29000
38500
103500
34500
106000
125500
55000
135500
60000
11000
48500
58500
40500
18500
30500
26500
186000
133000
36500
24000
58000
36000
35500
32500
45500
27000
144000
37500
26500
99500
41500
34000
36000
348500
29500
45000
77500
48000
48500
148000
122500
38500
18500
118000
101500
17500
17000
82500
17000
47500
16000
231000
18500
48500
64000
10000
40000
26000
35500
34000
158000
98500
39000
111500
149000
485000
21000
12000
99000
124500
36000
14000
32500
105500
29000
17000
52500
22000
29500
24500
42000
40500
383500
39000
35000
109500
481000
39000
27500
20500
430500
22000
481500
41500
12000
121000
21500
20000
464000
46500
62000
43500
148000
14000
113000
21500
132000
19000
39500
13500
79000
28500
34500
129000
43500
45500
62500
42500
84000
49000
142000
86000
25500
188500
24500
240500
98000
149500
131000
155000
440500
89500
41000
10500
87500
80000
130500
42500
10000
22000
113500
77500
110000
50000
15500
35000
20500
18000
37000
147500
34500
290500
20000
16000
118000
24000
27500
44500
58500
38000
33000
44500
15500
33000
16500
32500
49000
13500
67500
14500
47000
11500
37500
44500
59000
10500
100000
36500
288000
18000
387500
13500
47500
44000
76500
333500
10000
139000
22500
15000
50000
142500
23500
45500
98500
48000
36000
101500
315500
42500
62500
19500
46000
138500
81500
13000
42500
15500
46000
44500
143000
38000
40500
30500
39000
49000
48500
47500
48500
26000
457500
112500
105500
40000
10000
348000
48000
102000
28500
120500
21000
148500
92500
186500
46000
35500
96500
26500
23500
29500
90500
25500
65000
178500
16500
332500
44000
30000
13500
35000
110000
30500
105000
59500
37500
34000
13000
14500
19500
150000
401000
19000
42500
141000
25500
11500
123000
134000
31500
29000
185000
19500
56000
21000
32000
28000
50000
44000
141000
40500
342000
34500
27500
19000
133500
36500
39000
34500
45500
315000
77000
15500
86000
16000
58000
14500
26000
48500
49000
12500
42500
38500
116500
72500
236000
28500
27000
97000
129500
60000
44000
379000
93000
81000
19000
11500
48500
398500
40000
143000
28500
11500
43000
68500
32500
122500
452500
113000
335500
76000
24500
40500
34000
116500
95000
15000
12000
15000
109000
46500
33500
233000
30500
26500
61500
17000
167000
48500
444500
30000
46000
10500
47000
86000
125000
139000
31500
49500
13500
24500
23500
34000
103000
26000
87500
37500
28500
43500
45000
41500
38500
35000
37000
30500
460000
47500
44500
43000
142000
39000
279500
48000
43000
78500
138500
18500
27000
33500
16000
34000
100000
122000
38500
39000
14500
148500
43000
28500
21500
65500
120000
79000
32000
290500
25500
36500
44000
14500
17500
43000
102000
457500
14500
47000
40000
28500
44500
84000
38000
102500
47500
36000
30000
49500
46000
24500
24500
19000
26000
116500
99000
50000
36500
99500
128000
19500
48000
47500
16000
43500
50000
25500
114500
21500
39500
71500
87500
27000
22000
27000
101500
18000
48500
23000
33500
41000
11000
109000
14000
493000
11500
29000
413000
10500
32500
10500
42500
18000
56500
62000
47000
13500
144500
427000
48000
113500
146000
10000
34500
46000
86000
16500
486000
25000
116500
15000
32000
192000
89000
19000
44500
16000
36000
33500
36000
17500
100500
39000
39000
49500
136000
258500
33000
36500
145500
363500
33000
49500
17000
87500
41000
24500
49500
22000
51000
25000
131500
13500
105000
21500
26500
29500
21000
56000
77500
104500
24000
122000
33000
131500
22500
134500
12500
44000
32000
65000
37500
186000
29500
116000
15000
112500
38000
30000
37500
36500
17000
49500
98500
397000
43000
26000
121000
100500
19000
147500
10000
467500
24000
41500
14000
47500
17500
16500
10500
36500
422500
23000
135500
140000
348500
26000
17500
81000
117000
22000
97000
32500
476000
16000
98500
49500
144500
20000
39500
42000
487500
26000
34500
47000
12000
147500
38500
492000
49000
292000
33500
40000
119500
39500
95500
15000
46000
21500
32500
58500
53500
40000
48000
33500
39500
79500
85500
35000
66000
260500
31500
22000
43000
23500
393000
26000
53500
15500
309500
44000
10000
414500
86500
116500
107000
44500
43500
33000
38500
108000
28500
43000
35500
14000
86500
19500
266500
41500
11500
39500
24500
93000
12000
36000
63000
108500
392500
27000
33500
99500
14000
42500
114500
39500
82500
82000
137500
97000
102500
23500
16500
27000
34500
32500
48500
309000
14000
26000
40000
32500
16000
14500
12000
25000
149500
48000
21500
126500
29000
28500
33500
310500
84500
12500
46500
113000
39500
34500
179000
104000
259500
46000
98000
29000
88000
98000
77000
292000
39000
114000
47000
46000
23000
46500
113500
442000
104000
146000
111500
76500
14000
12000
32500
17500
123000
44500
33000
49000
47500
50000
66500
63000
16500
20500
47000
14500
25500
48500
108000
23000
42000
39500
30000
16500
139000
12500
18000
19000
119500
24500
13500
39500
146000
12500
76000
136000
84500
43000
58500
70000
45500
207500
29000
34500
25500
81000
30500
62500
85000
31000
44000
49000
86500
40000
12000
72500
116000
38000
22000
340000
128500
24000
402500
65500
61500
41500
28000
24500
66000
19500
67000
377000
29500
40500
33500
78000
86500
107500
71500
49500
127000
94500
10000
24000
46500
492500
187500
27000
48500
10000
44000
30500
24000
36500
37500
30000
20000
218500
10000
16000
83500
14000
15000
58000
39500
41000
14000
36500
47000
20000
39000
28000
45000
28000
24500
21000
33500
15000
20500
406000
69000
21500
15000
16500
122000
18000
17000
19000
37500
499500
37500
26500
30000
195000
98500
170500
35000
340000
109500
30000
22500
125500
36000
13500
42500
45500
67000
73500
62000
87500
53500
40000
111500
114500
107500
24000
39500
437500
316000
71000
86500
12500
58500
32000
37500
21000
34000
39000
25500
48000
120500
48000
38500
43000
31000
407000
65000
40500
112500
17000
24000
125000
195000
171000
110000
29500
23000
81500
118500
28000
40000
41000
68500
48500
33500
19000
122500
27500
43500
40000
22000
24500
27500
37000
42000
20500
41500
148000
24000
44500
22500
15000
51000
86500
15000
77500
133000
444000
27000
34500
31500
22500
469000
42000
106000
38000
40000
34500
31000
14500
413500
81000
40000
37500
37000
46500
38500
37000
21000
86000
16500
45000
16000
128500
50000
138500
126000
60500
49000
76000
442500
44000
143500
24500
113000
58500
138500
339500
130000
78000
41000
144500
24500
303000
32000
78000
81000
83500
22000
10500
120000
32000
149500
50000
75000
36500
99500
33000
40500
101500
31000
32000
97000
42000
34000
20500
64000
42000
102500
39500
405500
44500
344500
14000
109500
44000
15000
22500
33000
117500
110000
44500
39000
125000
122500
54500
17000
107500
79500
11000
100500
24500
50000
26000
25000
26500
41000
18000
47000
37000
409500
50000
74500
55000
32500
26000
68000
48500
37000
44500
20000
40000
24500
92000
38000
314500
11500
19500
436000
13000
38500
39500
140500
34000
123000
40000
129000
101000
52000
46500
105500
19500
23500
121000
497000
294500
41500
44500
28500
35500
81500
75500
29000
101500
145000
23000
99500
200000
37000
28000
86000
114000
48500
58500
124500
85000
22500
41000
19500
34000
41000
20000
371000
80000
17500
13000
48000
32500
28500
45000
17500
55000
11000
140500
27500
11000
93500
86500
33000
21500
111000
19000
27000
41500
123500
26500
32500
116000
24000
33500
213500
29500
97000
106000
14000
54500
43000
121000
32500
43500
73500
23500
27500
15000
466000
64500
45500
118000
13500
10500
27000
35500
75500
187000
164000
17500
32000
11500
10000
128000
15000
57500
88000
401500
45500
49000
13500
51000
120500
29000
147000
43000
27000
33000
367000
33000
112000
29500
42000
302500
70000
108000
356500
84000
117000
28500
39000
43500
82000
113500
59500
22500
461500
22500
31500
44000
26500
28500
32500
99000
24000
19500
120000
35000
28000
17500
12000
90500
16000
16500
48000
41500
15000
106500
13500
149500
28500
26500
27500
134500
59500
334500
20000
137000
35000
53000
47500
81000
248000
23500
36000
102000
146000
27000
23500
10500
24500
16500
37000
72000
90500
17000
20000
49500
57000
51000
42500
405500
32500
148500
100500
40000
30500
39500
35500
31000
416500
43000
446500
47000
30500
22500
112500
64000
156500
38000
82500
82500
47500
141000
33000
28500
118500
91500
133000
14500
41000
44000
45500
69000
13000
148000
471500
46000
36500
137500
130000
27000
24000
47000
29500
138500
136000
13000
44000
24000
33000
36000
94000
38500
28000
33500
48500
40500
26000
29000
64000
13000
462500
39000
131500
14000
18000
12000
13500
32000
26000
20500
32000
128000
26500
25000
116500
26000
28000
116500
23500
50500
52000
48000
10500
43000
55500
42000
10500
49500
96500
18500
18000
104000
32000
34500
262500
72500
44500
44000
129500
29000
37500
118000
47500
11500
21000
81500
19500
15000
146500
147000
98500
15000
75000
67500
48000
61000
38500
148000
322500
78500
42500
78500
18000
11000
22000
40500
430500
29000
89500
450000
40000
46000
49500
131000
298500
20000
50000
431500
144500
20000
323000
85000
34500
10500
16000
220000
36500
38500
73000
59000
26500
19500
94500
48500
105000
32000
24500
65000
47500
38000
139500
21500
33500
91500
25000
125500
25000
29500
435000
142000
34500
37000
159000
17000
143500
86000
14000
275000
101500
131500
232000
143500
32000
74000
56500
78500
58000
426000
104500
131000
102000
121000
61500
11500
50500
176000
498500
24500
91500
85000
432500
213500
25000
21500
40500
50000
268500
127500
475500
265000
107000
103000
13500
64000
141000
35000
137000
105000
15500
27500
49000
40000
74000
28000
39000
83000
76000
33500
10500
37000
371000
66500
42500
20500
55500
276500
41500
108000
47500
119000
27500
19000
28500
47500
48500
148500
15000
49000
17000
57000
135500
32000
12500
475500
28000
68500
35500
50000
35000
119000
125500
44000
87500
230500
18500
84000
39000
22500
66000
109000
294000
37500
45500
25000
100000
37500
24000
45000
36000
18000
27500
86000
433000
13500
49500
17500
12500
134000
243500
43000
125000
62500
43000
11000
91500
33000
68500
20000
12000
26000
156500
37000
79500
17000
386500
61500
143500
45500
26000
55500
30500
121000
40000
128000
107500
33500
42000
41000
128000
89500
16000
40500
61000
43000
167000
32500
37000
27000
31000
354500
37500
34000
123000
13000
10000
12500
106500
25000
47000
414000
22000
34500
34500
20500
30500
154500
23000
44000
110000
95000
42500
42500
47000
346500
26500
133500
30000
42000
11500
20500
133000
49000
21000
37000
47000
39500
472000
23500
90500
41000
101500
73000
129500
40500
42500
42000
30500
22500
305000
52000
34000
27000
26000
24000
27000
14000
49000
46000
66000
110000
260500
37500
147000
63500
134000
37000
31000
29500
42500
