40000
12000
43000
10000
33000
26500
144500
127500
30000
80500
24000
40000
48000
18000
73000
18000
243000
49500
294500
289000
41500
80500
11500
126000
13000
25000
18500
173500
97500
31500
122500
44000
490000
90500
37500
15000
107000
42000
62000
111500
409000
66000
77500
44500
21000
21500
17000
33000
140500
44500
23500
13000
17000
333500
138500
33500
138500
52500
35000
58500
93000
17500
138500
16000
105000
119500
115500
16000
71500
118000
88500
19000
386500
50000
32500
449000
61500
35000
56000
38000
238500
329000
484500
54500
25000
33000
136500
45000
44000
149000
25000
45500
31000
125000
36500
14500
28500
104500
36000
117000
62500
13500
10500
59000
83500
43500
27500
32500
64500
84000
44000
105000
89500
23500
28500
78000
79500
309000
24000
16500
130500
12500
218500
269000
224500
340000
28500
143000
36000
29500
43000
32500
29500
23500
15000
114000
76500
125000
29000
91500
45000
19500
40500
18500
55500
47500
28000
13500
89000
121000
39500
19500
30500
272500
24000
35500
41000
14000
270000
116500
14500
25500
48000
258000
21000
19000
14500
203000
16000
36000
321500
140500
123500
475000
53000
22000
290000
10000
17500
46500
11000
11000
21500
44500
139000
140000
313000
126000
128000
134000
271000
53500
16000
32500
103000
103000
21500
58500
20000
354500
32500
33000
35500
81000
30500
27000
74500
80000
52000
27500
20000
107000
23000
30000
36000
29000
28500
17000
10000
75000
19500
143500
190500
13000
69000
66500
31500
43000
18500
48000
13500
49500
24000
82000
23500
145000
58500
94500
242000
26500
362500
87000
25000
20500
284500
166000
31500
44000
18000
418500
77500
47000
62000
37000
110000
26000
40000
266500
45500
82500
52000
139000
55500
416000
21500
90500
40000
79000
76000
46000
72500
101000
24000
88500
195000
53500
95500
43000
203500
19500
47000
36500
19500
56000
112000
74500
24500
35000
312500
40500
45000
30500
28000
384000
32500
45000
25000
29000
24500
89000
46500
47500
125000
32500
49000
45000
142000
371500
127500
45500
34500
65500
47000
230500
43500
362500
36500
30500
141500
256500
23500
51000
84500
394000
31500
41000
20000
43500
16500
14000
41000
30500
23000
391000
34500
24500
321000
136000
44500
24000
473500
23500
29000
147500
21000
110000
150000
17000
40000
73500
25500
17500
138500
19500
78500
43000
42000
48500
16000
44500
40000
17000
63000
41000
39000
28000
250500
324500
49000
48000
27500
29000
30500
41500
49500
24000
112500
12500
334500
11000
11000
49500
236000
25000
189500
70500
358000
25500
67500
48500
13500
13500
54000
31500
49500
36000
27500
40500
33000
67500
40000
142500
33500
14500
83000
74500
238000
48000
77000
16000
46000
24500
11500
41000
14500
89500
23000
33000
40500
118500
21500
10000
129500
190500
275000
107500
120000
10500
33000
110500
223500
12500
31000
139500
41500
67500
114000
53500
49500
48000
20000
120500
49500
39000
13000
87500
407500
30500
63000
28000
40000
80000
27500
43500
49500
33500
30500
119500
49000
85000
34000
25500
85500
100500
63500
43000
44000
135000
114500
13500
28000
50000
88000
40500
11500
15500
57500
114500
42000
43500
23500
136500
40000
103000
121000
117500
42500
12500
27000
93000
204500
19500
138000
27000
95000
39000
35000
498500
38000
125000
12500
10500
92000
46000
26000
26500
26500
128000
22000
63000
236500
34000
147000
108500
43000
40000
16500
50000
29500
49500
17000
113000
73500
35000
15000
40000
38000
61500
85000
31500
14000
17500
58000
484000
65500
88000
36000
181500
26500
10500
301500
44500
10000
120500
412500
96000
26000
51500
52000
16500
23500
101500
27500
87500
45500
38500
52500
25000
30000
45500
15000
17000
19000
59500
15000
37500
123500
49000
89000
11000
66000
438000
34500
43500
46500
39000
48000
26500
25500
13500
80500
29500
35500
24500
40500
418500
19500
65500
255000
41500
49000
22000
102500
29500
29000
37500
25000
406000
116000
19500
35500
22500
28500
145500
67000
355500
37000
75000
50500
45000
13500
160000
139000
48000
43000
370000
119000
37000
21500
37500
29000
31500
33000
24000
34500
48000
19000
50000
12500
26000
22500
40000
66000
14500
18000
32500
275000
59500
33000
73000
150000
20000
45000
48500
34000
122000
49500
47000
99000
20500
62500
336500
95000
43000
19500
17000
148500
99500
24000
66000
44500
72000
40000
474000
63500
257500
36000
16000
14500
62500
59000
39500
128000
36500
140000
27500
40000
45000
66000
232000
127000
21500
50000
19000
15000
126000
14000
24500
401000
17000
20500
27000
29500
14000
112500
89500
491000
152000
22000
18500
225500
42000
45500
116000
13000
29500
157000
27000
69500
19500
28500
18500
215000
38500
26000
13000
250500
98500
130000
137000
43000
35500
15000
10500
17500
27000
29500
148500
33500
257500
29500
54000
31000
46000
67500
62500
11500
38000
423500
12500
21000
92000
248000
37000
65000
41000
55500
60000
38000
40500
19000
483000
25000
13000
27500
16500
47000
46000
29000
36500
19500
50000
149000
24000
20500
136000
70500
46000
14500
12000
26500
13500
119000
64500
96000
16500
37000
47000
75500
33500
447000
102500
110500
56000
20500
102000
462500
36000
21500
32500
49000
387500
23500
28000
87500
202500
76000
43000
34000
69500
45000
50000
45500
100500
349000
10000
138000
39000
43000
130500
45500
11000
14500
107500
133000
108500
157000
17000
27000
31500
34500
11500
149500
66500
37500
22500
55500
16000
36000
135500
39500
110000
58500
27000
59000
92500
376500
76500
49500
75000
60500
95000
48500
20000
56000
133500
13500
39500
89500
137000
46000
26000
50000
28500
27500
29500
102500
43500
27000
136500
36000
40500
138000
119500
14500
62000
178500
19000
43500
31500
130500
117000
66000
14000
62500
127500
14000
121500
43500
143000
31500
15500
70000
12000
20000
30500
18500
13500
121500
41000
55500
138000
107000
24000
17000
71000
40000
12500
14500
12000
137500
38000
106500
65500
30000
50000
69000
118500
26000
70500
53500
27000
33000
22000
17000
14500
83500
447000
22500
16000
100000
384500
227500
14000
27000
27000
422500
64500
16500
90000
23500
35500
22000
31000
17000
36000
42000
199500
26500
35500
35500
95500
34500
123500
10000
118500
144000
69000
15500
134500
34500
40000
46000
86000
12500
438500
27000
14000
26500
33000
30000
176000
26500
55500
141000
45500
101000
30000
111500
34500
69500
43000
46000
53500
43000
139000
47500
101500
115500
12000
287500
17000
75000
17000
36500
93500
30000
32500
149000
24000
37500
27500
105000
36000
38000
30500
339500
147500
79500
109500
33500
47000
422500
142000
146500
250000
36500
19500
95000
29000
38000
43000
34500
17000
39000
23000
125500
21500
16000
85500
30500
140000
131000
133500
26000
33000
20500
49500
53000
28500
42500
105500
17000
119500
101000
72500
92500
39000
18500
28500
10000
69500
18500
46500
18500
104500
50000
135000
36500
11000
31000
38000
137500
46500
23500
67500
48500
120000
28000
34000
33500
354000
19500
28000
52000
485500
34500
96000
92000
430500
16000
79000
37000
15500
227000
86500
20000
35500
22000
47500
44000
123500
45000
460000
19500
50000
17500
73500
21000
13000
25500
47500
141500
150000
262500
11000
113000
75500
84000
36000
34500
147500
134000
63000
55000
112500
23000
14500
118000
30000
21000
45500
42500
14000
121500
28500
146500
25500
65000
33500
11000
124500
11000
304500
54500
329500
14500
24500
22000
50000
392500
74500
46000
404500
20000
490500
16000
33000
93500
41500
79000
19000
142000
38500
88000
24000
20000
127000
32000
18000
72000
17000
31000
14000
11000
26000
15000
30500
37000
25000
130500
97000
26500
61500
48000
71500
45000
22500
314500
32000
41500
59500
129500
20500
109000
98000
45000
484500
45000
99000
69000
225500
36500
101000
46500
82500
100000
18500
74000
27000
44000
32000
36000
109000
23500
124500
70000
29000
270000
10500
12000
73000
11500
139500
343000
32000
25000
88500
24000
212000
26500
92500
22500
42500
73500
43000
14500
13500
139000
24500
116000
62500
72500
27500
247000
125500
23500
127500
156000
21500
36500
32000
13000
42000
64000
35000
58000
54500
36000
24000
44500
28000
105000
37000
50000
25500
70000
140000
23000
62000
323000
24500
23000
48000
52500
112000
48500
42000
14500
109500
28000
50000
63500
119500
272000
26500
29000
43000
11000
43000
21000
10000
15000
24500
16000
138500
45500
69000
32500
13500
23500
29500
25500
30500
11000
96500
63500
33000
28000
18500
43500
32000
113000
136500
27500
33500
116500
305500
43000
25500
119500
22500
44500
54500
49000
23500
90000
60000
101500
105500
252500
14500
35000
11000
130500
395500
25000
23500
11500
117000
37000
41000
52500
39000
38500
45000
23000
84000
240000
115000
84000
46000
29000
117500
130500
161000
14000
13000
46500
114000
16500
17500
137000
42500
118500
20500
34000
65500
24500
486500
44500
14500
22500
24000
95500
115000
44000
20500
73000
370000
30500
255000
326000
15500
88000
65000
76000
229500
34500
39500
59000
36000
67000
34500
33500
80500
39000
98500
41000
22500
23000
85000
95500
203000
25000
37000
136500
40000
30500
93500
147000
68000
19500
49500
27500
343500
14000
64000
40500
42500
26000
16000
12000
148000
146000
46500
47000
41000
35500
49500
133000
21000
58500
27500
49000
73000
37000
19500
54000
85500
276000
476000
47000
33500
10000
16000
32000
128500
46000
103000
33000
35500
124500
13500
15000
217000
29500
16000
112000
44500
75500
40000
18000
29500
221500
34000
126000
27000
27500
23500
49500
39000
20500
104000
28000
35500
143500
18000
45500
29000
40500
29500
60500
27000
21000
12000
112500
127000
37500
111000
97500
40000
104500
70500
19000
27000
41500
37500
92500
21500
29500
245500
35500
17000
146000
25500
44000
22500
28000
26000
117000
145000
35000
50000
490500
48500
12000
41500
17500
198500
22500
46500
34500
45500
10000
20000
409000
12000
34500
43500
10500
48000
112000
31000
142500
23000
26500
41000
35500
20000
29500
32000
228500
41500
32000
37500
13000
69500
89500
12500
44000
15000
79000
50000
23500
16000
41500
17500
24000
17500
74000
43000
21000
83000
42000
127500
147500
28000
32500
19000
33500
46000
31500
100000
110500
86500
22000
25000
34500
38500
15500
121500
16000
144500
39500
67500
42500
50500
28500
23500
37500
34000
36500
11000
41500
17000
16000
257500
26000
15500
23500
31000
13500
221000
28500
33500
14500
435500
20500
83000
378000
39500
26500
135000
10000
49000
16000
42000
109500
19000
41500
28500
30000
65000
135000
88500
102500
24500
45500
100500
19500
91000
93500
21000
258000
44000
443000
24500
40000
47000
11500
50000
170500
10500
25000
438000
231500
138500
15500
38000
61000
40000
91500
32000
44500
36500
148000
46500
28500
82500
27500
82500
14500
47000
48000
27000
35500
38000
28000
40000
23500
40500
235000
102000
17000
14000
284500
108000
18000
37000
38500
130000
119000
24500
461000
129500
162500
38500
23500
15000
248000
36000
26000
25500
23500
24500
452500
19000
370500
138500
30500
104000
21000
27000
54500
23500
41000
48500
12000
143500
183500
296500
327000
33500
108500
79000
70000
19500
46000
48000
497500
45500
36500
17500
12000
29500
47500
124500
75000
28000
15000
48000
35500
13000
110500
122500
40000
41000
108500
48000
301500
44500
111000
118000
43500
46500
72500
48500
42500
28000
134500
46500
42000
46500
37500
13500
36500
41000
43000
38500
41000
315500
59000
21500
27500
45000
40500
42000
49500
103000
148000
36500
39500
47000
18000
137000
116500
33000
106000
90000
46000
55500
44000
34500
26500
17000
113500
119500
16000
129500
98500
14500
22500
90000
24000
31000
35500
34000
20000
54500
141500
43500
13000
34500
103500
25500
30000
19000
42500
25500
46000
14000
32000
18500
43500
84500
110500
106000
20500
79500
45000
10500
185500
97500
15000
36000
16500
20500
28000
78000
128500
135500
129500
18500
133000
146000
23500
39000
24000
21000
26500
72000
24500
51500
44500
115000
448500
28500
35500
27500
123000
15500
147500
305000
48000
86000
34000
103500
36500
133500
39000
63000
137500
24500
18500
165500
27000
12000
21500
105500
130500
31500
481000
28000
37500
118000
251000
190000
28000
104000
46000
71500
19500
47000
383000
48500
103000
146500
43500
42000
68000
63500
78500
181000
130500
82000
47000
27000
124000
11000
46500
51500
54000
334000
40500
91000
20000
138000
333500
28000
42500
61500
113500
10500
13500
49000
42000
20000
83000
20500
62500
45000
31500
37000
393500
146500
34500
22000
91000
457000
33000
15000
27000
33000
34000
236000
44500
50000
15000
76500
117000
300500
139000
46000
94000
14000
312000
12000
135500
18000
202500
131500
22000
48500
92500
43000
37000
27500
31000
106500
49500
117000
36500
37500
41000
132000
80000
10000
449000
146500
119000
145500
44000
50000
133000
19500
37500
38000
23000
31500
46000
29000
74000
291000
168000
17500
59000
13500
79500
267000
26000
72500
18000
38500
108000
34500
29000
422000
54500
41000
49500
458500
14500
14000
36500
145500
16500
73000
34000
49000
22500
29500
67000
24000
123500
103500
45500
14000
15000
383500
