73000
28500
30500
28500
114500
46000
79500
41500
48000
177500
20000
175500
11500
16500
47500
26500
43000
52000
20000
65500
34500
117500
47500
119500
54000
31500
131500
41000
17500
43500
17000
311500
121000
116000
54000
30000
137500
41000
126000
147500
104500
47000
23500
25000
49500
133500
14500
26000
137500
16000
67500
159500
132000
41000
49500
20000
34000
113000
10000
35000
42000
25000
16000
34500
23500
140000
12500
79500
15500
32000
285000
29000
27500
277000
36000
113500
74500
32500
55000
16000
48500
461500
136000
134500
146000
11000
85000
127500
321500
247000
43500
150000
46500
50500
134000
104000
133500
22000
116000
359500
36500
99000
69500
139500
30000
100500
442500
27000
18000
73500
141000
18000
93000
440500
24000
20000
410500
44000
28000
40000
30500
28000
65000
10000
90000
17000
37500
21500
354500
131000
38000
89000
383500
102000
48500
29500
38500
16500
30000
19000
27000
130500
282000
28500
64000
49000
34500
13000
38000
35000
106000
36000
243500
84000
92500
23500
35000
38000
35500
31500
20000
141000
451500
51500
108500
25500
18000
32000
15500
24500
359500
41000
126500
39000
76000
334000
31000
44500
19000
435500
238500
13500
66000
119000
36000
149500
10000
58500
469000
16500
31500
24500
38500
29000
14000
35500
135500
29000
28500
61500
122500
34500
282000
46500
35000
96500
49000
14500
437500
65500
31500
34000
85500
29500
35000
50000
47500
48000
48500
25500
61000
386000
12000
116500
127000
442000
31000
24500
105000
89000
27000
314000
17000
80500
16500
42000
41000
17000
55000
33000
36500
32500
66500
123500
19000
32000
29000
26500
11500
48500
14500
103500
86500
11000
476500
109000
38500
31000
23500
18000
20000
21500
47500
39000
28500
14000
122500
16500
68000
147000
16000
23500
27000
36000
24000
31500
76000
15000
64000
23500
157500
76500
41000
19000
145500
10000
44500
45000
24000
61000
10500
136000
35000
44500
16000
117500
219500
47000
38000
23500
93000
110500
123000
24500
65500
139500
91000
85500
54500
24500
214500
324500
24500
20500
31000
13000
18000
190000
34500
16500
103000
18000
27500
19000
116000
12000
36500
20000
56000
146500
402500
19500
15500
50000
42500
26500
131500
74000
44000
19500
30000
15000
27500
318000
112000
33500
25500
99000
23000
17000
41500
38500
106000
23500
38000
29000
232000
41500
18500
112500
24500
37500
45500
76500
19000
78500
21000
42500
147500
59500
16500
91500
57500
38000
45500
369500
17500
36000
58000
148000
17500
29000
117500
25000
47000
23500
41500
45500
18500
17000
41000
35000
24000
23000
30000
13500
43500
10000
31500
48500
47000
128000
31000
22000
72500
25500
81000
37000
39500
41500
254500
388000
47000
118000
72500
61000
10500
31000
119500
93000
98500
41000
147000
40500
50500
41500
40500
55000
38000
13500
33500
49500
17000
17000
36000
82000
50000
10000
18500
23000
10500
14500
55000
19000
42000
71500
44500
39500
37000
43000
127500
67500
11000
39500
120500
22000
30000
26500
47000
143000
19000
46000
93500
49000
147500
23500
36500
64500
21500
195000
48500
25000
43000
141000
154000
34500
60500
45000
45000
22500
27000
30000
351500
25000
26500
63000
125000
22500
44500
269000
16500
51500
46000
125500
139000
193000
21500
21000
16500
41500
28500
395500
33000
33500
29500
13500
50000
20500
19500
39000
209500
11500
21000
38000
47000
29000
47000
85000
137500
22000
44500
59500
28000
112500
120000
20500
24500
98500
17500
137000
105500
27000
41000
17000
63500
48500
479500
48500
146000
40500
60500
26500
31500
148000
47000
11500
59000
30000
40500
47000
117000
77000
96000
75500
44000
42500
227000
15000
129000
33000
326500
18500
55500
16000
29500
101500
21000
37500
73000
30000
412000
10500
107000
48500
74500
15500
46500
77500
17000
112000
82500
31000
12500
39000
216000
149500
13000
23000
14000
57000
29000
20000
35500
24000
58000
23000
21000
24500
39500
29000
47000
38000
30500
33000
35000
446500
131000
104000
125500
29000
112500
121000
118000
54500
45500
25500
31000
19500
25000
21000
77500
43000
64500
138000
25500
141500
21000
106000
40500
26500
62000
84500
16000
16500
50000
24000
42000
275500
134000
130500
45500
38500
273500
41500
28000
136000
19000
131500
89500
28000
31000
41000
77000
34500
42000
18000
39000
148500
46000
29000
82500
120500
53000
16000
124000
68500
26000
29500
12500
103500
52000
27500
103500
17500
80000
85000
118000
66500
193000
86500
10000
31000
49000
110000
23500
43000
14000
107000
10000
46000
46000
36000
27500
292500
13000
49000
126000
45000
22500
33000
42000
16000
94000
74000
16000
59000
21000
24500
421000
106500
36500
118500
225500
41500
50500
136500
147000
14000
48000
83000
82500
82000
48000
49000
110000
11500
62000
42500
35000
144000
420000
38000
72500
50000
124500
45500
26500
29000
14000
37000
36500
39500
127000
97500
329000
47000
98000
116000
103500
149500
58000
72000
149500
28500
22000
132000
132000
113500
19000
46500
41500
43500
343000
17500
92500
112500
137500
32500
324000
42000
15500
20500
88500
49000
19500
130500
50000
84000
34500
297000
38000
78000
224000
26500
30000
37000
43000
26000
69000
42500
88000
137000
102000
139000
76500
21000
19000
16500
63000
42000
49500
18000
202000
14500
30500
48000
33500
67000
75000
31500
174000
27000
168000
237500
123500
38500
59000
48000
302000
24000
326500
81000
39500
28500
18500
26500
19000
147000
38000
25000
21000
41500
41500
20000
98000
46000
18000
34500
24000
20500
137500
23500
88500
144000
362500
39500
34000
30000
44500
85000
125000
31000
49500
238000
468500
50000
96000
134500
19500
23500
146500
71500
48000
140000
25000
68000
19500
23500
103500
15000
44500
14000
105500
34500
149000
34000
17000
42500
35500
14500
49000
131000
98500
50000
105500
23000
23000
65500
42000
17500
41500
113000
181000
22000
436000
101000
104000
24000
69000
42500
57500
48000
129000
44000
38500
25500
21000
483500
29000
188500
39500
30500
24000
322000
42500
21500
55500
134500
25500
49500
49500
20500
21500
39500
101500
224000
53500
490500
36500
47500
32500
22000
86500
78000
11500
201000
69500
13000
64500
87000
15500
136000
42000
22000
28500
44500
42500
37000
30500
44500
20500
105500
105000
27500
107500
92000
43000
14500
48500
43000
28500
13500
244000
44000
16500
32500
23000
31500
21000
87500
46000
123000
184000
10000
21000
30000
32500
118000
21000
98500
78000
138500
33500
136500
11500
13000
21500
18500
38500
132000
34000
105500
43000
166000
26000
114000
446000
12500
102000
22000
87500
29500
17000
35500
12000
130500
23500
81000
425000
35500
18000
199500
36000
33000
84000
10500
55500
38000
39000
48000
28000
36500
472000
138500
48000
282000
14500
25500
36500
45500
129000
38500
339500
86000
40000
349000
475500
47000
54500
98500
50000
13000
336500
91000
38000
24000
23500
21000
40500
17500
37000
121000
18000
25500
465000
282500
479500
30000
11500
108000
10000
47000
31000
379500
29000
82000
67000
14500
26000
22000
337000
20500
76500
31500
23500
48500
21000
113500
44500
29000
223500
11000
38500
22500
28500
20500
69500
32000
129000
247500
23000
142000
110500
14500
78500
126500
24000
32500
23500
17500
43500
35500
109000
97500
41000
118000
14000
450000
109000
116000
27500
32500
49000
477000
16500
95000
23500
33000
25000
42000
39500
31000
17000
111000
103000
18500
24500
31000
42500
25000
285000
83000
52000
42000
90500
64000
39500
275000
81500
28000
39000
28000
101500
43000
45500
487500
233000
12000
22000
103500
40500
316000
62500
184500
130500
31500
23500
220000
14000
19500
44000
33000
50000
45500
268500
143000
33000
46500
275500
17500
120000
66000
312000
182500
74500
46000
44000
18500
38000
28500
44000
17500
48000
147500
65500
79500
58500
31000
17000
372000
497000
114500
11500
33500
106500
94500
119000
498000
33500
36500
87500
82500
143000
77000
10500
25500
140500
50000
41000
36000
60500
21000
141000
49500
273000
31000
11000
52500
34500
41000
14000
31000
110500
84000
40000
60000
46500
408000
135500
42500
67500
46500
93000
40000
36500
35000
498500
122500
31500
100500
12000
40500
132000
48000
22500
35000
11000
39000
34500
84000
50000
269500
44000
131500
204000
136500
128000
32500
11500
145000
12500
40500
24500
44500
34500
23000
46500
123000
50000
60000
48000
40500
33000
41000
13500
26000
11500
30500
19500
78500
30000
55000
20500
110000
97000
118000
148000
39500
36500
446000
45500
73000
136500
58500
20500
12000
50000
42000
148000
42000
17500
121500
19500
47500
47000
15500
24500
14500
219500
12000
45500
59000
65500
17000
25000
17000
21500
10500
66000
128000
85000
88500
84000
51500
31000
27500
136000
64000
54500
360500
13500
41000
62500
83500
24000
148500
130500
95500
262500
93000
145500
39000
126500
434500
10500
68000
24000
10000
106000
135500
408000
47500
48000
144000
48500
34500
26000
52500
22000
73500
228000
127000
71000
24500
62500
47000
18000
23000
28500
20000
20000
45000
49000
69500
22500
23500
76000
39500
51000
92500
134000
37000
293500
139500
36500
275500
81000
47000
139500
120500
237500
128000
38000
34000
105000
22500
11000
47000
49000
26500
17000
111500
14500
29000
42500
38000
19500
141000
22000
44500
19500
129000
28000
46000
43000
357000
90000
131000
23000
21500
449500
10000
25500
87000
86500
32000
45000
46500
46000
45000
26500
10000
86000
247000
44000
15000
19000
102000
16500
478500
12500
18000
37500
31500
23500
21000
45000
109000
397500
56000
125500
487000
26000
73500
23500
31000
43000
90000
39500
11000
42000
74500
106500
22000
246000
15000
46500
44000
36500
212500
125000
23500
152000
45000
27500
148000
30500
45500
20500
25500
72000
12500
135500
22000
22000
49000
18500
87000
78000
26500
71000
92500
147500
50000
13000
66500
17500
11500
82500
62500
120000
53000
31000
27500
16500
37000
19500
68500
39500
424000
350000
136000
50000
374000
59000
185500
274000
36000
85500
83500
21500
73000
22000
41000
56500
46000
45500
36500
38500
132500
41500
216500
34500
129500
147000
19500
37500
22000
64500
98500
44500
46500
67500
106500
55500
26000
107500
30500
54500
38500
260000
10000
11500
34500
15000
47500
95000
25000
42500
56500
57500
34500
16000
67000
11000
44000
14500
11500
42500
33000
91500
19000
46000
103000
43500
43000
45000
139000
263500
174500
29000
38000
31000
88000
40500
11500
40500
34000
41500
49000
129500
411500
136500
46500
34000
58500
49000
40000
74000
127000
389500
360500
37500
11000
36000
88000
18500
22500
13000
165500
32000
121000
112000
11000
472000
26000
23000
39000
33500
41500
90500
33500
18000
467500
36000
19500
114500
27500
95500
26000
24500
10000
43500
329500
39500
123000
14000
72500
10000
88500
47500
29500
47000
359000
138000
21000
30500
18500
54500
33500
136500
25500
20000
31000
85000
38000
114500
379000
144000
33000
28000
41000
44000
40500
31000
14000
30500
35000
105500
30000
12500
43500
125500
37500
29000
415500
36000
37000
34000
29500
447500
85500
89000
140000
111500
46000
457000
37500
32000
16000
92500
20000
30000
14000
78000
35000
37000
68500
53000
38500
28000
75000
11500
49500
90500
444500
16000
48500
210500
12000
11500
56000
56500
85500
36500
44000
29000
10000
115500
20500
72000
215500
21500
47000
135500
16500
22000
40500
48500
33000
430500
99500
98000
18000
11500
91500
44000
32500
15000
46000
26000
18000
44000
15000
79000
35500
387500
15000
73000
38000
174000
50000
61500
21000
37000
26000
10500
12500
39000
114500
318000
93000
289000
125000
32500
85500
13500
30500
74500
25000
46500
20500
352500
21000
16500
30000
116500
65500
368500
14000
37500
37500
63000
92500
143500
30000
14500
120000
29500
31500
40500
59500
51000
34500
44000
72000
72000
31500
43000
18500
40500
64500
50000
11000
104500
40500
125500
77000
115000
175500
29000
15500
46000
46500
44000
22500
13500
50000
28000
27500
142000
34000
19500
45500
128500
47500
76500
144500
28500
10500
31000
45500
12500
102000
50000
39000
61000
35000
89000
283500
73500
97000
58000
66000
24500
187500
63500
410500
65500
16000
20500
21500
15500
27500
30000
10000
34500
137000
43000
460500
16500
335000
40000
18500
10000
338500
29000
86500
39000
50500
31000
26000
38500
58000
135000
88000
35000
25500
112500
28000
11500
12500
89500
20500
95500
396500
46500
139000
194500
20000
18000
44500
46500
39500
27500
400500
15500
55000
35500
46500
50000
47000
123000
299000
45000
142500
103500
26000
17000
15500
121500
22500
107500
121500
137500
49500
102500
44500
11500
22000
280500
265000
27000
26000
116000
36000
26000
41000
109500
26500
134000
19000
22000
282500
144500
13000
144500
80500
17500
84000
25000
46000
17500
38500
108000
277000
312500
13000
146500
104500
91000
22000
46500
39000
14000
14500
23500
160500
282500
34000
30000
116500
95000
47500
101000
398000
142500
44500
29500
26500
40000
39000
117500
31000
469000
21000
33500
44000
33500
25000
29500
45500
53500
17500
19500
24000
121500
18500
326000
218000
57500
412000
55500
36000
482500
12500
42000
40000
20000
90500
133000
71000
50000
399000
20500
140500
60500
17500
91500
113500
117000
38000
14500
446500
103500
134500
130500
143500
25000
15500
25000
134500
30500
194000
90500
41000
147000
31500
296000
80500
39500
11000
10000
139000
11000
39500
112500
56500
15500
21000
60000
18500
35000
139500
78500
24500
116000
33000
113500
125500
11500
417000
100000
34500
31500
78000
77000
49500
96000
68500
27000
52500
127000
59000
132500
13500
162000
97500
221000
33000
50000
57500
15500
43500
45500
42000
133000
393500
125500
14000
10500
43000
26500
32000
43000
57000
18000
274500
39000
66500
117500
45500
89500
84500
48500
18000
104000
45000
45000
412500
12500
107000
109000
81000
128500
325000
14000
37000
225500
112500
35500
50000
456000
149000
36000
19500
22000
22000
38000
95000
17500
32000
97500
13000
128500
27500
34000
131000
26000
96000
46500
28000
16500
30000
36500
125000
14000
36000
413000
28000
27000
83500
302000
32000
98500
90000
316500
12500
60000
53500
115500
130000
26500
42000
108000
19500
15000
141500
22000
36500
100500
466500
28000
11000
123000
34500
32000
40500
37500
31000
41500
202500
16500
367500
35000
110000
39000
45500
30500
137500
73500
29000
87500
15000
23000
50500
94000
40500
18000
148000
46000
34500
39500
19000
45000
32000
32000
24500
201000
420500
69000
15000
34500
185500
145500
22000
48500
89000
59500
267000
26500
33500
16500
10000
22000
31000
59000
37000
15000
131500
40000
41500
48500
45500
34500
114500
13500
35500
43500
10500
10500
31000
30000
99000
89000
20500
102000
49000
123500
13000
103000
26500
34000
84500
85000
17000
32000
43500
53000
49500
14500
329000
118500
31000
392000
43000
352500
122000
122500
171000
19500
115500
104500
41000
144500
24000
43500
76000
48000
16500
34000
25000
96000
21500
397500
121000
29000
25500
13500
100500
80000
18500
42000
36000
36000
27500
77500
116500
59500
40000
39500
36500
27000
93500
28000
107500
150000
487500
14000
27000
349000
19000
38500
11500
11500
10000
15000
31500
45000
61000
29500
36000
43000
43000
78500
37500
25500
148500
46500
42500
248500
43000
10000
126500
459500
110000
40000
30000
51500
15500
86500
124500
43500
75000
10000
109500
29500
11000
18000
52500
40000
20000
24000
127500
220500
136500
421500
51000
14500
27500
44500
19000
23500
40000
372000
19500
268500
142500
139000
115500
41500
50000
142000
307000
23000
33500
204000
116000
38500
302500
406500
36000
25000
246500
266000
21000
118500
134000
126500
40500
145000
92500
21000
16500
22500
229500
72500
108000
13500
50000
33000
37500
388000
36000
54000
43500
49500
70500
24000
29000
118000
24500
58000
10500
34500
35500
14500
49000
132500
15000
10000
69000
47000
81000
65500
497000
40500
25000
77000
23500
45500
33000
35500
22500
38500
40500
220500
29500
135000
28500
36500
23500
11500
18000
128500
49000
67000
46500
43000
37500
69500
49500
89500
15500
43500
135500
42500
107000
132000
80500
14000
79500
24000
78500
71000
30000
46000
146500
44000
50000
98000
24000
35500
80500
49500
183000
40500
46000
44500
145000
51500
132500
29000
22500
28500
22000
33500
118000
87500
105000
48000
131500
30000
129000
70500
18000
116000
131000
24000
67500
34000
19000
32000
23500
18000
95000
73000
21500
17000
430000
42000
68500
38000
12500
21000
11000
16000
65500
461500
10500
53000
96500
101000
105000
225500
19000
20500
68000
63500
74000
23500
38000
36500
50000
47000
10000
16500
42500
27500
25500
32500
42000
45500
313500
23500
51500
29500
31000
20500
56500
27500
36000
135000
395000
57000
42000
46500
44000
342000
13500
21500
35500
119000
47500
484500
144500
14500
58500
28500
12500
42000
42500
19000
101000
51000
137000
118000
38000
44500
138500
126000
453500
23000
22500
20000
26000
34000
37500
44500
100000
81500
82500
25000
41500
11500
27500
41000
45500
65000
142500
16000
13500
50500
35000
17000
14500
25500
22000
302000
50500
74500
15500
82000
138500
10500
45500
19000
47000
44500
146000
125500
30000
19500
61000
13500
15500
48000
15000
57000
109000
23500
17500
37000
35500
12500
50000
45000
41000
160000
350500
453000
43000
136500
97000
130500
26000
23000
24000
421500
300500
22000
37500
72500
95000
44000
23500
113500
94000
111000
17500
10500
101500
81500
34000
48000
497000
45000
48000
47500
39000
11500
40500
91000
18500
30500
24500
134000
420000
26000
13500
44500
12500
14500
23500
53500
60000
163000
32500
410500
25000
16500
118000
19500
40000
12000
34500
125000
40000
33500
18500
60000
51000
37500
146000
40500
28500
106000
38000
133500
27500
385000
48000
249000
46500
46000
10500
20500
15000
48500
21000
76500
20500
88500
74500
379000
105000
47500
17500
29500
22000
12500
20000
20000
23500
18000
25000
439500
108000
37000
62000
12500
422500
13000
202000
25000
32500
111000
140000
33500
97500
10000
41000
45500
56000
53500
17500
26000
197500
45000
26000
36500
99500
78000
38000
135000
43000
56500
22500
41000
35000
102000
18500
43500
17000
23000
35000
116500
32500
46500
434000
48000
94000
146500
24000
34500
29000
23000
101500
134000
16500
96000
117000
18500
40500
131000
17500
48000
22000
52500
44000
78000
131500
44500
148500
70500
70500
28000
74000
34000
94500
41000
37500
40000
43500
20000
117000
97500
33000
55500
228000
24500
10500
67000
43000
44500
24500
28000
28500
36500
66000
15500
13500
31500
25500
426000
49000
31500
11500
149500
19500
44500
97000
33500
143500
20000
116000
12500
56500
33000
68000
138000
32000
92000
124000
32500
50000
34000
110500
126000
23000
39500
24500
25000
48500
148500
145000
113000
122500
45500
103500
16500
22500
39500
378500
13500
409000
17500
35500
13000
133500
23000
15500
136500
48000
48500
47000
25500
11000
125500
33500
138000
45000
25000
34500
70000
281000
20000
14000
382000
82500
120000
84500
39000
229000
21000
101000
38500
25000
42500
152500
40500
24500
43000
123000
30500
45500
46000
79500
50000
106000
67500
22500
136500
40000
25500
20500
23000
89000
115500
142000
40500
18000
20500
85000
173000
127500
28000
18000
92000
40000
157000
208500
47000
46500
10000
108000
22000
138500
34000
22500
128500
130500
118000
15000
24000
29000
77500
106000
98000
34500
85500
94000
36000
23500
297500
14000
106000
48500
139500
17500
45500
17000
119500
280500
39000
100000
15500
36500
33500
48500
10500
31000
21000
68500
74500
18000
27500
16000
93000
21000
22500
365500
22500
45000
139000
96000
148000
482500
88500
27000
46000
17500
36000
10000
110500
23500
389000
150000
46000
138500
62000
29000
29000
23500
30000
18500
34000
80500
106500
129500
24500
49000
39500
492500
138500
16500
18500
20000
31000
94000
10000
10500
58500
62000
39000
10000
40000
20000
30500
143500
126000
46500
21500
45500
49500
13500
27000
32000
15500
27000
147500
387500
35500
60000
23500
23500
49000
135000
16000
17000
40500
233500
143500
277500
30500
28000
76000
125500
47500
17500
72000
100000
24000
40500
23500
34000
148000
368000
38500
31000
15500
34000
98500
18000
10500
47000
68500
33000
116000
72000
27500
116500
373500
108000
108500
24500
202000
39500
46000
23500
12000
117000
57500
132500
36000
46500
329000
15500
52000
107000
12500
60500
12000
133000
19500
12500
35500
218000
19000
45500
112500
285500
91000
153500
24500
25000
48500
31000
14000
55000
24500
13000
11500
72500
27000
20500
154500
14500
148500
43000
33000
27500
27000
14000
38000
98000
32000
15500
22500
117000
430500
54000
78500
15500
27000
20500
20500
499500
98000
29000
18500
17500
17500
128000
153500
53000
151000
32500
35500
13000
40500
105500
26000
71000
133500
102000
35000
97000
114000
38000
48500
26500
26500
21000
148500
88000
253000
144000
77500
347000
41500
29500
52500
293500
29000
21000
55000
12000
14500
128000
31500
18500
16500
272500
417000
36000
65000
131500
28500
65000
37500
60000
35000
28000
16500
136500
33000
433500
83500
90500
26000
46500
34000
21000
83000
121000
72000
41000
87500
88500
131500
42000
11000
88000
44000
30500
217500
78000
42000
28000
39500
46500
85000
19500
17500
60000
31000
14000
23500
47500
116500
437000
67500
47500
108500
329500
30500
81000
25500
76000
12000
23500
30000
316000
123500
238000
26000
116000
192500
39500
39500
500000
57500
10500
34500
42500
115000
40500
118500
96500
96000
47500
36500
40000
12500
24000
21500
40500
385500
248500
49000
48000
422500
39000
226000
16000
32500
46000
46000
26000
42000
16000
11500
86000
17000
25500
115500
33500
54000
34500
80500
14000
34000
12000
122000
315500
301500
57500
42000
367500
115500
26500
49500
246500
17000
31000
10500
21000
37000
40000
16500
26500
12500
75500
40500
143000
381000
79500
50000
19000
93500
14000
134500
45000
30500
31500
59000
31500
195500
21000
43000
34500
32000
296000
78500
49500
50000
143500
64500
135000
111000
27500
44000
42000
99500
139000
75000
23000
31500
44500
14500
93500
21500
56000
104000
12000
36000
12000
50000
290500
17500
22500
22000
29500
353500
49000
161000
11000
27000
143500
34000
25500
110000
27500
24000
97000
47500
32500
18500
118500
70500
35000
423000
146500
111500
21000
50500
74000
18000
18500
115000
45500
26000
43500
19500
84500
110000
68000
41500
37000
192500
44500
28000
64000
114500
23000
41000
22500
13500
30500
43500
62500
44500
326000
76500
76500
23500
30500
39000
11500
136000
21000
38500
95500
58500
107000
38000
15500
25500
16000
22500
97500
94500
20000
31000
27500
21000
150000
34500
15500
46000
26500
425000
48000
29500
108000
35000
15000
10000
112500
50000
25500
20000
25500
123000
12500
26500
45000
44500
24000
20500
246500
64500
48500
96500
44500
12500
10500
12500
50500
48000
42500
35500
46500
32500
50000
10000
61500
48500
57000
30500
332500
11000
35500
16500
11000
378000
127500
18000
53000
50000
29500
10000
104000
46500
47000
33500
34500
48500
164500
119000
438500
44000
145000
54500
232500
26500
375500
18000
17000
115000
45500
40000
14500
43000
41000
96000
31000
105000
12500
24500
117500
16000
14500
35000
86500
83000
52000
20500
132500
394500
86000
39500
43500
49000
37000
44500
66000
10500
88500
48500
109000
358000
345000
91000
46000
121000
52500
13500
99000
85500
48000
85000
322500
91000
36000
13500
14500
280000
13500
46000
142000
127000
231000
14500
18500
104000
80000
32500
35000
37000
46500
67500
76000
44000
19000
68500
28500
430500
27500
18500
17000
40000
88500
45000
24500
407000
17500
163500
299000
132500
46000
78500
31500
32000
131500
49500
12500
194500
113000
42500
67000
114000
66000
135000
123000
63000
29000
144000
45000
27000
37000
17500
28000
21500
384000
48000
138000
12500
65000
28000
49500
23500
133000
110000
20000
247000
47500
86000
16000
29500
46000
56500
49000
25500
26000
134500
30500
461500
58000
32000
70500
412500
26000
137500
29000
34000
369500
83000
17000
122000
82000
119500
93000
43500
16000
10500
36500
71500
41000
33500
41000
50000
33000
27500
45500
24500
234500
13500
27000
28500
15500
23500
32500
408000
30000
28000
132500
41000
31500
14500
58000
88000
53000
36000
57500
14500
32500
382000
13500
110500
49000
285000
32500
49000
37500
28500
34500
97000
101500
32500
45500
41500
104000
25500
126500
58500
47500
37500
30500
95500
21500
13500
19500
123000
64500
117000
21500
140500
47500
32000
33000
34000
153500
31000
25500
46000
35500
21500
146000
44000
95500
40000
121500
10500
88000
36500
43000
10000
37000
31000
48000
47000
32000
44500
149000
50000
50000
17500
16000
255000
87500
82500
137500
43000
142000
17500
22000
48000
367500
53000
116500
19000
94000
30500
24500
14500
32000
112000
32000
19000
45500
88000
13000
125500
137500
16500
21000
130500
105500
13500
228000
146500
40000
106500
86000
87000
54000
107500
109500
18000
46000
34500
17000
112500
40500
20000
39500
37000
38500
34500
287000
127500
17500
51500
10000
59000
38500
31000
21000
143500
455000
108000
14500
75500
44500
18500
330000
44000
36500
49000
21000
123500
32000
92500
144500
78000
144000
114000
47500
64500
458500
10500
234500
48500
101000
40000
324500
16000
11000
28000
106000
144000
15000
107000
93000
21500
14000
10500
19500
34000
26000
38500
40000
22500
12500
482500
34500
15000
48500
19500
34000
116000
260500
22500
42000
40000
23500
127500
45000
39000
14500
43000
47500
48000
48000
34000
28000
71000
484500
48500
49500
112000
18500
94000
28500
95000
25000
15500
36500
45500
20500
32500
125500
22000
35500
30500
39000
104500
18500
302500
409000
442500
15500
47500
40000
26500
126500
22500
447500
39500
371000
14000
184000
14000
40000
10000
126000
15000
21500
14000
79000
23500
20500
113500
281000
21500
38500
26000
20000
21000
69500
49000
118500
33500
21500
130000
432500
16500
85000
115000
132500
64000
44500
24000
123000
104000
35500
149500
40000
369000
45500
48000
21000
28000
16000
42500
46000
18000
127000
105500
101000
131000
33000
39000
118500
84000
269000
11500
81000
46500
296500
32000
46000
37000
24000
13500
30000
401000
25500
73500
29000
16000
19000
42500
109000
321500
36000
37500
27500
