91000
33000
12500
22500
117500
21500
34000
110500
141500
30000
36500
45000
18000
33000
254000
34500
100000
99000
134000
21500
66000
200000
65000
133000
60000
27500
70000
30000
127500
134000
117000
22500
23500
30500
96000
90500
83000
12500
121500
25500
431500
100000
100000
498000
43500
96000
114000
125500
49000
67500
15000
31500
46000
22000
35000
12500
36000
67000
23000
34500
15000
200500
79000
46500
168500
139500
236500
36000
457000
240500
35500
21500
43000
452500
42000
37000
82500
42500
333000
133500
35500
142000
11500
22000
116000
250500
14500
34500
49000
10500
108000
34500
119000
21500
31000
33500
73000
45500
116500
99500
65000
28000
55500
24500
37500
359000
118500
20000
124500
82000
385000
38000
46000
13000
18000
43500
60500
38000
133000
38000
100500
92000
17500
298500
19000
39000
43500
36500
21500
109000
11500
13000
369500
27500
78500
13500
50000
114500
76000
27000
47000
76500
16500
27000
226500
70500
325500
42500
65500
20500
38500
11500
16500
98000
149500
47500
11000
24500
463500
20000
13000
13500
364000
58500
97500
18500
14000
25500
327000
39000
19500
29000
47500
32000
65500
11000
28500
250000
22500
20000
46500
149500
18000
41500
21000
21000
38500
28000
44000
12500
31500
32500
30000
324500
15500
44000
72000
13500
80000
67500
36500
132000
49000
79500
48000
24500
372500
47500
20500
41500
121000
91000
136500
42500
135500
150000
84000
29000
130500
14000
125500
41500
35000
79000
11000
91500
213000
338000
23500
30000
26500
45500
15000
35500
32000
79500
44500
42500
17000
64000
131500
91500
317000
497000
30500
26500
56500
63000
135500
30000
26500
43000
95500
43500
155500
32500
79000
109000
139000
118000
14000
267500
89000
128000
36000
37500
44000
17000
420500
27000
43500
17500
327000
114000
396500
120000
46000
137500
38000
102000
49500
80500
116000
64000
226000
49500
45000
21500
74000
26000
44000
271000
97500
68500
464500
10000
21500
60500
375000
37000
13000
59500
20500
13000
41500
46000
41000
38500
30000
14000
26000
88000
353000
14500
41500
160500
150000
28000
43500
40500
30000
72000
48000
49000
129500
24000
88500
11000
148000
123000
140000
147500
26000
145000
33500
75000
10000
21500
219000
20000
50500
69000
64000
41500
59500
50000
12000
67000
15500
34500
41500
36000
18500
47500
74500
19000
137500
40000
13500
129500
477000
25000
141500
34000
29500
32500
14000
73000
11000
14000
44500
26500
34500
138000
37000
34500
29500
65500
26500
45000
63500
150000
35000
24000
66500
470500
125000
312000
291000
26000
43000
40500
127000
129500
360000
40000
147000
10000
42500
29000
34500
113000
97000
430000
20500
11000
39000
145500
72000
36000
34500
106000
22000
145000
18000
43500
42000
16500
22500
109500
76500
35500
240500
49000
38000
22500
316000
89500
14500
58500
21000
28500
42500
25500
148500
40500
20000
24500
14500
18000
47000
48500
40500
35500
79000
20500
48000
11500
283000
34500
47000
27000
347500
162000
44000
21500
114000
14500
26500
103000
138000
26500
69000
194000
83000
30500
19000
15000
16000
49000
27500
377000
35500
43000
18500
49500
18500
42000
334500
41500
14000
42000
109500
39000
25000
18000
40000
136000
25000
26000
26000
300500
40500
36000
14500
10000
50000
123500
44000
25500
33500
36000
27000
24000
28500
29500
129000
28000
76000
46000
431000
47000
29000
40000
16500
35000
137000
28000
11000
18000
100500
82500
397000
137000
34500
45000
79000
201000
114000
86500
15000
73500
38500
143000
50000
93000
25500
36500
114500
43000
121500
67000
219000
124000
63000
47000
41000
33500
17000
39500
30500
19000
17500
29000
21500
39000
30500
20500
30500
31500
145000
47000
13500
149500
20000
146500
25500
57000
45500
28000
35500
60500
456000
31000
44000
16500
142500
63500
49000
142000
76500
90500
105000
141000
25000
40500
80500
32500
13500
24500
22500
30500
460500
432000
304000
52000
209500
10500
47000
27500
19000
411000
40000
16500
95500
418000
38500
126500
22500
23500
51500
26500
233500
353500
41500
87500
63500
149500
21000
143000
71000
141500
91500
148000
54000
79000
12500
34000
148500
341500
212500
103500
40000
132500
53000
45500
51500
35500
43000
27000
135500
14000
103000
35000
22000
131000
53500
81500
45000
168500
73000
148000
73000
70500
38500
136500
58000
13000
20000
17000
14000
43500
40500
146500
72500
12500
28000
50000
41000
142500
45500
79000
133000
26500
55500
52500
45500
99000
24000
95500
107000
122500
16000
33000
148500
29500
111500
14500
102000
218000
19000
147500
144000
30000
128000
27500
70500
52000
40000
13000
10000
48500
109500
41500
35000
48000
32000
288500
91500
10500
41500
388000
133000
143000
90000
40500
12000
63000
44500
79000
17500
42500
321500
39500
17500
16000
124000
19500
94000
89000
50000
36500
15500
36500
49500
65500
45500
48000
32500
14500
48000
446000
18500
277500
138500
112000
32500
12000
35000
97500
44000
31000
41000
110500
24500
261500
28000
149500
24500
136000
35000
15500
301500
140000
38000
70000
107500
111500
133000
74000
46000
37000
131500
10500
101500
24000
122500
35000
46000
28000
75500
96000
457500
117500
26500
146500
199500
28500
114500
109000
43500
116500
493000
137500
32500
27000
95000
376000
15000
33000
46000
38500
145000
17000
43500
133000
109000
59500
52000
25500
124500
36000
33500
35500
13500
484500
37000
31500
106000
337000
16000
30500
13000
26000
115500
28500
30000
91000
41500
44000
20500
65500
25500
438500
82500
352000
41500
29000
34500
24500
24500
51000
25500
34500
15000
49500
19500
25500
11500
60500
123000
86500
18500
15000
132500
34500
77000
47000
26000
64500
39000
68500
22000
44000
97500
25500
48000
38500
43500
295000
131000
90500
49500
21000
33000
11000
19500
163500
32500
252500
42000
38500
45000
173000
310000
162000
20500
39000
13000
75000
23000
279500
34500
122500
473500
148500
27500
101000
141500
82500
41000
119000
159000
25500
39000
17000
43500
40000
401500
30000
22500
49500
149000
90000
38500
105000
113500
59500
16000
69500
30000
12500
10000
21000
42500
46500
50000
451500
20500
63000
17500
93500
29500
43500
133500
12500
36000
24000
48000
113500
40500
44000
148000
11000
29500
30500
376000
139000
56000
100500
122000
114500
37500
12500
39000
43000
35500
45500
137000
40000
14500
27500
29500
147000
79500
36500
194000
45500
37000
52000
24500
132000
112000
61500
280500
71500
41000
14000
162000
146500
44500
46500
42000
49500
20000
95500
28500
34000
112500
37000
34000
121500
14500
42000
54500
477000
98000
257000
212500
11500
40500
73000
130500
32000
13500
455500
32000
15500
50000
64500
30000
33000
43000
20000
149500
11000
39000
10500
44000
11500
27500
51500
45500
396000
21000
49000
33000
19000
27500
46500
13500
49500
15000
139000
13000
59500
32500
117000
128000
10500
36500
15500
14500
71500
147500
30000
13000
13500
14000
23500
97000
104500
82000
19000
21500
147000
102500
59000
31000
44000
33500
10500
24000
111500
26000
139000
27000
31000
12500
75000
83000
371000
41500
48500
186500
38000
125500
82500
45500
105000
52500
10000
31000
125000
33000
303500
143500
10000
42500
48000
152000
19500
325500
456000
16500
26500
139000
47000
27500
41500
161000
137000
492000
41500
24500
99000
10500
133500
16500
97500
34000
36000
128500
34000
40000
141500
73500
11500
27000
84500
427500
10000
465000
17000
13500
498000
49000
133000
25500
91000
47500
50000
18000
83500
11000
13500
38500
27500
41500
12000
107000
27000
110500
46500
50000
17000
38500
17500
47000
32000
29000
34000
41500
304500
44500
19500
74500
27000
44500
21000
17000
152500
48500
22500
47500
77500
106000
118000
148500
16000
35500
25000
11000
31000
143000
84500
24000
427000
93500
153000
32500
20500
121500
31000
25000
300500
20500
12000
85500
46000
35000
19000
249000
407500
30500
127000
20000
428500
337000
59500
278500
149500
497500
125500
45000
27500
101000
444000
49000
11000
28500
28000
39000
17000
12000
14500
22000
17000
11500
79500
46500
32000
109000
21500
18500
61000
33500
27500
36000
30000
106000
42500
36500
47500
180500
27000
11000
383000
43000
20000
111000
47000
23000
48500
89500
47500
42500
30500
41000
89500
42500
13500
35500
52500
35000
23000
36500
111500
78500
31000
28500
48000
121500
30000
109000
23500
192500
29000
109000
453000
35000
247500
119500
24500
448500
46500
34000
76500
36500
32500
30500
36500
14000
44000
112500
59000
49500
24500
28000
29000
33500
16500
17500
39500
22000
371500
85500
26500
102500
55500
75500
119500
11500
364500
48000
21500
181500
37000
24000
33000
68500
13000
21500
417500
47500
31000
132000
93000
142000
95000
144000
479500
117500
132500
67000
37000
20000
33500
476500
15500
25000
17000
23000
11000
226500
412500
106000
104500
43500
44500
30500
47500
89000
288500
29500
16500
41000
40000
42500
31000
33000
44500
104000
39000
24500
42500
96000
76000
27500
131000
12000
11500
34000
185000
128500
26500
43000
67000
18000
26500
43000
24500
129000
40000
14000
18500
25500
125500
39000
21500
42000
31500
32500
45500
102000
30500
46000
126000
150000
94500
149500
358000
36000
32500
75000
21000
29500
31500
12000
122000
50000
44000
375000
127000
27000
33000
364500
31500
38500
453500
11000
17000
48000
127000
24000
40500
42500
147500
40500
51500
32000
66500
49500
29000
23500
45000
31500
179000
65000
35500
343500
36500
18500
35000
27000
93000
21000
130000
86500
18500
20500
41000
121000
13500
21500
114000
136000
166000
17000
77500
22500
143000
66500
124000
84000
39500
38000
117500
93500
141500
73000
278000
422000
225000
41000
47500
25000
130500
51000
37500
106000
237500
46000
67500
12000
19000
120500
48500
26500
239500
15500
28000
129000
25500
461500
35000
16000
116000
25500
195500
47500
15000
34500
27500
138500
30500
30000
43000
39500
72500
35000
41000
32000
42500
113000
85000
146500
29500
131500
47000
126000
19500
21500
22500
45000
31000
35500
41500
16500
253000
13000
16500
142000
28000
80500
44500
29000
63500
210500
59000
17000
62000
96500
49000
21000
49000
54500
94500
77000
134000
131500
31500
410500
81000
26500
442000
45500
76500
33000
99500
39500
114500
50000
23000
23500
43500
82500
30000
48000
17000
35500
28000
84000
11000
48000
90500
45000
149500
26500
41500
428500
118500
30000
11000
25500
10000
55000
467500
53500
10000
137000
28000
26000
40500
23500
36500
16500
20000
139000
42500
54500
37500
118000
34500
17000
27500
119000
19500
105500
26000
94000
37000
22500
374500
158000
15000
108500
21000
15000
32500
12000
18000
127500
118000
26000
35000
40000
136500
118000
27500
37000
16000
361500
117500
33500
70000
34500
43000
15500
438000
125000
12000
38500
28000
94500
12500
67500
38000
375500
179000
46500
44500
120500
41500
12500
136000
11500
29500
65000
43000
45500
20500
20000
48000
19500
66000
126000
40500
33000
37500
172000
12500
147000
16000
137500
13500
37500
24000
15500
25500
19000
47000
13000
29000
47500
17000
111500
33000
31500
81000
30000
142500
139500
21500
135000
416500
116000
25500
59500
134500
26500
103500
43000
27000
51500
15000
77500
91000
48000
103000
213000
50000
478000
41000
289500
37500
38000
69000
10000
64000
125000
115000
17500
29500
146500
101500
35000
114000
13500
148000
23500
18500
124500
12000
42500
118000
313500
65500
42500
88500
137500
88500
45500
29000
24000
49500
64000
31500
126500
272000
29000
105000
141000
18000
37500
39000
94500
111500
73000
32000
88500
106500
103000
24000
49500
10000
39000
15000
37000
15000
99500
25500
65500
94000
38500
55500
205000
37000
465000
25000
43000
12500
13000
48500
33500
114000
20000
124000
353000
199500
43500
297000
105500
33500
92500
43000
12500
46500
44500
64000
47000
49500
35000
35000
23000
206500
16500
17500
20500
72000
117000
18500
16500
18500
19500
83500
34000
17000
37000
29500
49500
48000
85000
26500
16000
23000
124500
43000
442000
13000
45500
23000
148000
132500
93500
35500
20000
41000
25500
129500
14000
133000
72500
44000
440000
113500
113500
14000
29500
43500
45000
29500
24000
77500
33000
20000
242000
323000
368500
28500
29500
29000
53500
122000
39500
30500
45000
78500
393000
15500
487000
14500
88000
79000
36500
12500
34000
74500
181000
409000
28500
37000
24500
30000
142000
36000
47500
49500
18000
29000
147500
181000
44000
165500
118000
27000
13500
285000
107000
107000
442500
15000
28000
36000
27000
47500
23000
42000
26000
11000
137000
44000
11500
62500
45500
48000
123000
45000
13000
30500
238500
59500
31000
27500
40500
27000
469000
49500
105500
21500
148000
37500
22000
58500
31000
18500
41500
102000
43000
31000
139500
13500
20000
36000
139500
49500
37000
145500
250000
14500
345000
18000
100500
71500
89500
62000
40000
105500
11000
44500
15000
48500
123500
171500
26000
34500
21500
42000
241500
31500
139500
11000
90000
194500
24500
23000
16500
26500
41000
60000
78500
38000
182500
91500
38500
301500
343500
105500
447500
145500
321000
30000
47500
47500
130500
62000
48000
41500
81500
35000
31500
125000
113000
149000
99000
31500
32500
36000
60000
14000
43000
406500
257000
36500
17000
35500
127500
119500
10000
11500
76500
44000
248000
12500
33000
45500
35500
24000
288000
305000
31000
58000
31500
52500
138500
25500
113000
56000
18500
88500
257500
239500
19500
46500
15000
19000
49500
45500
42500
37000
76500
26500
94500
150000
47500
72500
16500
32000
17000
45000
29500
21000
20000
95000
113000
129000
15500
27000
19500
36000
50000
91000
32000
19000
89000
21000
69000
38000
202000
115000
57500
83500
53000
112500
75000
31500
139500
82500
23500
30000
100000
40000
14000
87500
14500
112500
50000
18500
41000
101500
40000
82000
33000
14000
87500
48500
492500
50500
72000
37000
94500
152000
27500
41500
132500
149500
51500
47500
303000
46000
36500
20500
11000
355500
148500
146500
29000
274500
12000
313000
10000
24500
26000
40500
16500
14000
44500
17000
33500
91000
50000
37500
120500
25000
22000
468500
103500
14500
44000
70000
80500
28000
48000
19000
17000
149500
90500
82500
37500
15500
19500
31500
50500
119500
119500
22500
138000
10000
27000
23000
294000
14500
11500
170000
39000
375500
114000
27500
27000
20500
47500
38500
405000
10500
277500
24000
24000
26000
107000
484000
132500
31500
52000
356000
77500
31000
120000
20500
273500
27000
46500
11000
135500
59000
367000
78000
146500
25000
17500
25500
13500
15500
51500
148000
132500
39000
382000
144500
81000
31500
22500
250000
39000
386500
61000
187000
20000
20500
10500
97500
419500
35500
46000
141000
349500
31000
138000
20500
28500
13500
47500
10000
32000
22000
111000
45500
144500
10500
36000
26500
39000
48500
83000
13500
53500
10500
18000
17500
25500
19000
30000
17000
89500
27500
131500
18000
48500
290000
28500
12000
182000
13000
124500
382500
19500
30500
28500
13500
90000
42000
92500
22000
46000
131500
108500
81500
40000
29500
76500
24000
234500
33500
16000
127000
36000
79500
81500
29000
10000
17500
66000
74000
10000
33000
10500
27000
28500
27000
40000
38500
46500
23500
48000
41000
82000
58500
14000
47000
41000
54500
43500
99000
29000
446000
12500
20000
10500
46500
12000
118500
42500
279500
126000
47500
44500
84500
23000
11000
12500
25000
41000
54000
14500
121000
145500
48500
90000
27000
188500
137000
75500
36000
112500
98000
37500
134500
499000
41500
26000
53000
496000
31000
16000
34500
42500
81500
16000
432500
97500
16500
73500
62000
123000
12500
94500
59000
15000
52500
81000
133000
38000
325500
163500
91000
22500
57500
49500
25500
22000
146000
54500
12500
18000
84000
20500
128500
19500
12500
35500
32500
49000
383000
16000
12000
30000
18500
13500
37000
33500
147500
26000
44000
10000
13500
330000
76500
34000
48500
48500
13500
16500
439500
39000
37000
115500
29500
104500
34500
26500
34500
91500
48000
40000
28000
292500
45500
32000
42000
71000
35000
39000
16500
14500
42500
17500
18500
49000
48000
121500
355000
65500
151500
437000
98000
22000
45000
68000
140500
17500
26000
86000
23000
15000
37000
28000
11000
12000
23500
40500
62500
24500
11000
142500
30000
231500
43500
24000
43000
68000
11500
48000
480000
304000
40000
109500
69000
16000
47500
14000
36000
140500
66500
10500
24000
36000
46000
119500
49500
49500
38500
45500
99500
111000
67000
53500
32000
15000
35000
26500
406000
43000
353500
31000
51000
17000
30000
117000
115500
15000
34000
51500
259500
30500
70500
21500
139500
32500
54500
11000
43500
31000
54500
121000
34000
77000
20500
63500
14500
15000
37000
95000
30500
33000
86000
24000
148500
16000
50000
36000
41500
47500
39000
60500
197000
16500
51000
33500
107000
19500
32500
20500
16500
125000
36500
103000
32500
169000
58500
29500
54000
22500
139000
20500
146000
142000
146500
48000
37000
38500
139000
11500
44500
34500
20000
42000
19500
30500
100000
35500
37500
42500
28000
45500
47000
68500
15000
20500
207000
27000
45500
43500
185000
130000
93000
140500
137000
11000
12500
19500
205500
19500
45500
25000
250500
18500
15000
46000
24500
35500
114500
452500
149500
138000
40000
26000
32500
74500
33500
72500
14000
40000
231000
381000
145000
25500
374000
37000
163500
62000
36000
13500
29500
46000
15000
19000
48500
106500
49500
143000
52000
108000
62500
140000
94000
35500
38000
37500
118500
147000
195500
15500
71000
37000
19000
97500
101500
143000
169500
59000
33000
422000
23000
39500
28500
39500
125000
25500
117500
21000
33500
113500
22000
18000
299000
33000
48500
59000
40000
472000
19500
17000
42000
50000
164500
15500
19000
39500
53500
11000
21500
78000
67500
23000
25500
18000
38500
22000
26500
19000
64000
51000
45500
44500
43000
30000
467000
14000
31000
27500
91000
21000
443500
30500
55000
33500
17000
111500
14000
12000
39500
124500
60000
26500
35500
35500
24500
34500
84500
144500
421000
110000
35000
157500
130500
10500
127000
45000
33500
50000
31500
23500
33500
32500
26500
43500
116500
35000
44500
144000
47000
26500
74500
37000
84000
32000
28500
32500
14000
96500
479500
140500
56500
16000
11500
135500
99000
27000
20500
11500
23500
237500
52000
30000
113500
27000
124000
13000
118000
25500
146000
105000
44000
41500
12000
10000
93000
13000
386000
141000
485500
32500
19000
38500
11000
306000
426000
17000
31500
96000
21000
138000
45500
92000
38000
42500
25000
34500
16000
39500
57500
90000
42500
27000
497500
133500
46000
39500
142500
30000
283500
118500
381000
75500
140500
45000
114000
17500
109000
10000
117000
119500
13500
182500
38000
11500
88500
408000
36500
479000
22500
137500
67000
25000
34000
109000
134500
39500
12000
171000
32500
52500
50000
37500
12500
22500
14000
52000
49500
325500
70500
34000
400500
24000
15000
27000
131500
22000
21000
39500
135500
23500
35500
429000
41000
36000
48500
15500
23500
41000
95000
104000
131000
15500
122000
50000
20000
30500
33500
137500
96500
28000
81000
128000
33000
205000
35500
75000
31000
19500
32000
110500
124000
68500
110000
20000
40000
426500
45000
136500
47500
88500
34000
19500
106000
37000
132500
38500
92500
12000
353000
23000
16500
27000
136500
71500
72500
73500
43000
42000
50000
136500
209500
43500
42500
34000
148000
145500
11000
55000
23500
17000
124500
10500
136000
105500
45000
43000
147500
195000
17500
33500
18500
44000
28500
15500
23500
28500
127000
43000
15000
12000
31500
50000
29500
33000
10000
10000
24500
44000
13500
38500
11000
44000
10500
80000
37500
36000
41500
29500
459500
40500
27500
36500
151500
31000
43500
144000
333500
38500
16500
98500
53000
81500
406000
112500
234000
14000
33500
114500
25500
31000
16500
43500
23500
80000
165500
23000
210000
42500
86000
41000
290000
109500
88500
47000
158500
44000
251000
31000
135500
35000
93000
73500
15500
69500
18000
430500
13000
23000
83000
97000
87500
97500
86000
36500
33500
33000
89500
22500
13500
13500
24500
38500
47500
42000
114500
442000
46000
133000
42500
13000
22000
65000
23000
22000
469000
24000
128000
16000
30500
12500
60500
134000
33500
434500
120500
40500
130000
38500
25500
38500
34500
42500
11500
80000
116000
444500
20000
94500
24500
95500
32000
66500
15000
45000
167500
91500
57000
25000
18500
58000
392000
70500
33500
72000
41500
14500
38000
189000
84000
43500
49500
36000
28000
18500
21000
53000
31500
16000
25000
32000
465500
42500
204500
118500
437500
39500
43000
11500
84500
60500
32500
23000
23000
32500
65000
104000
85500
45500
47500
69500
222500
36500
148500
473000
69500
46500
244500
11500
38500
11500
42500
14000
10000
352500
388000
10000
122000
39500
190500
75000
138000
38500
117000
296000
26500
20500
108500
72500
13500
141000
37500
19000
12500
140500
118000
49500
105000
30000
83500
27000
349000
121500
89000
311000
88500
293500
22500
29000
262500
79000
108500
14500
25000
37500
44000
35500
33000
10500
20000
17000
41000
87500
22500
38500
30500
21000
39000
48000
48000
32500
44500
45500
44000
24500
89500
61000
32000
11000
54000
139500
330000
37000
124000
26500
39000
40000
25000
86500
349000
49000
20500
10000
196000
121500
95000
302500
24500
16500
132000
23000
39500
50000
32500
78500
21500
436000
42500
20500
33000
65500
34500
98500
21500
293500
41000
92500
45500
435500
461500
32000
33000
22000
14500
36000
95500
305000
48000
10000
36500
35000
384000
10000
128500
79000
147000
28000
90000
14000
28500
34000
19500
106500
23000
25000
444000
113000
39000
315500
31500
42000
85000
140500
90000
42500
35500
31500
18500
144500
20500
50000
11500
110000
50000
426000
491000
14500
13500
73500
24000
319000
99000
397000
239000
30000
129500
14500
41000
86500
199000
12000
135000
21000
36500
217000
48500
20000
10000
39000
11000
40000
49000
19000
97000
137000
40500
408000
28000
20000
66500
26000
48000
129000
29000
226000
229000
15000
48500
42500
121000
22500
36500
52000
45500
40000
185500
47500
23000
22500
45000
482000
22500
42500
14000
45500
34500
481500
39000
23000
20500
26500
13500
72500
28500
15000
37500
106000
112500
29500
40500
45500
68000
367500
44500
18500
85000
31000
82500
46000
107000
54000
29000
20500
35500
35500
10000
47000
354500
26000
56500
20500
36000
24000
111500
13500
146000
49000
36500
48500
129500
14500
34500
45000
41500
32500
40500
18000
391500
121500
37500
20000
424500
48000
372000
10000
106000
42500
316500
71000
38000
49500
112000
14500
28000
73500
148500
43500
26000
109000
130000
27000
133500
35000
50500
24000
16500
19500
250500
37000
42000
480500
76000
28000
34500
388000
22500
25500
150000
26500
36000
467000
114000
14500
121000
22000
270000
115000
32000
145500
30500
42000
41000
25500
21500
21500
209500
12500
21000
42500
49000
31500
11500
33000
24000
360500
50000
18000
52000
15000
75500
48000
27500
88500
370000
48500
22000
362000
100500
22500
29000
46500
71000
112500
114500
141000
58500
83500
22000
68500
252000
84500
40500
30500
80000
15500
82500
50000
88500
40500
99000
40000
44000
28000
123000
32500
126500
48500
12500
47000
65500
17000
11500
107500
16000
41000
124000
18500
120500
16000
381500
45000
29000
281000
59000
24500
29500
14500
49500
20000
22000
69000
33000
202000
102000
33000
22000
15500
54500
97500
120000
12500
11000
46000
39500
35500
128000
30500
80000
45500
33500
22500
21000
93000
115000
37000
19500
472500
127000
43500
40500
48500
37500
15000
28000
118500
10500
30000
13500
100500
47500
16000
157000
92000
12000
39000
12500
50000
41000
138500
387000
12000
30000
11000
28500
355500
75500
23000
28000
64000
13500
133500
20000
116500
38500
42000
88500
42000
16500
320500
96500
23000
30000
27000
35000
89000
85000
33500
23500
18500
29500
11000
87500
129000
36500
46000
17500
45000
89000
48000
40000
48000
385500
116500
45000
83500
45000
51000
19000
96000
320000
74500
31500
100000
69500
205000
28000
10500
12000
26500
104000
40500
38500
85500
31500
124500
25000
145000
483500
37500
19000
298000
48500
126000
31500
99000
21000
20000
36000
121000
79000
103500
32000
40000
50000
48500
68000
11000
23000
79500
48500
99000
23500
49500
14000
131000
145500
50000
453000
460000
34000
36500
103000
27000
90000
18000
21500
39500
94000
283000
32000
78500
47500
23500
125500
10500
60500
21500
31500
106000
15000
103500
17500
460000
14500
48000
31000
27500
38500
70500
25000
43500
59500
47000
36000
11000
139500
139000
10000
45000
19000
49500
15000
45000
204000
44500
21500
24500
59000
22000
15000
114000
48500
112500
12000
115000
130500
17500
210000
144000
22500
28500
15000
480000
324000
20000
115500
89000
35000
20500
34500
22500
124000
43000
17500
18500
110000
148500
12500
49500
47500
51500
149000
23500
49000
42500
100500
43000
47500
126000
455500
32000
47000
27500
30000
35000
58000
13000
149500
41000
130500
42500
38000
31000
37500
37000
31000
11500
48500
23500
11000
11500
33000
172500
71000
16000
37500
149000
102000
12500
34000
465500
38500
15000
52500
89000
17000
127500
40000
15500
15000
46500
28500
28000
24500
40000
14500
72000
12000
30000
114500
24500
69000
461000
50000
30000
100500
30000
25500
36500
19000
141000
34500
40500
131500
49000
27500
19000
72000
98000
408000
20500
14000
120500
99500
46500
413000
21000
17000
50000
58500
22000
12000
256500
135000
85500
30000
12500
15500
42500
62000
110000
25000
123000
15500
102500
20500
31000
146500
14000
23000
23000
109000
88500
22500
124000
299500
34000
358000
389500
34000
39500
77500
413000
452000
135000
420500
78500
18000
40500
192000
18500
39500
127500
13500
146000
83500
42000
16000
41000
16500
127500
40000
384000
41000
288500
45000
37000
24500
39000
76500
12000
53000
42000
43000
131000
48000
63000
114000
16000
19000
30500
120500
28500
436000
67000
13500
43000
58000
365000
44000
148500
66000
37000
20500
20500
19000
15500
16500
21000
28500
118000
14500
14000
33500
133000
43000
92500
24500
130000
10500
42000
38000
52000
56500
19000
130500
28500
36500
63500
65500
24500
19500
45000
48500
39500
109000
147000
96500
142000
131500
15000
270000
17000
78000
17000
23000
43500
28500
28500
31500
63500
43000
141000
33500
76000
123500
93500
27000
41500
56500
45500
251500
106000
285500
35500
22500
126500
18000
309000
66500
22000
145000
29500
14500
32000
135500
448500
46500
21500
21000
49000
426500
30000
13000
40500
70000
146000
23500
19500
145500
170000
117500
22500
446000
31500
40500
21500
13500
24500
124000
41500
49000
33500
13000
95500
35000
35500
126500
124000
125000
274500
17000
43000
43500
33000
141000
33000
17500
22500
345000
131000
128000
113500
98000
16000
134500
109500
47500
26500
74000
10000
25500
31000
138000
43000
22500
36000
34500
27000
17000
107000
48000
25500
27500
34000
11500
223500
12000
24500
13500
96500
54500
18000
31000
24000
30000
59000
40000
31000
38000
25000
80000
44500
57000
21500
43000
27500
14000
375000
366000
32000
127500
11000
85500
159500
40500
20000
285500
38500
32500
146500
35000
19500
71500
39500
67000
18500
347000
373500
66500
20000
87500
29000
25000
221500
96500
33500
29000
11500
18000
18500
41500
243500
40000
107500
17500
21500
50000
15000
26500
16500
43500
44500
47500
142500
48500
138500
205500
138500
33000
76500
91000
93500
31500
378500
71500
46500
36500
367500
149000
56500
16500
14500
131000
13500
436000
45500
18500
393500
145500
25000
41500
20500
38000
10500
47500
27000
26000
16500
53000
54500
72000
157500
14000
377500
18500
332500
24000
65000
25500
20000
99000
79500
14500
49500
47000
73000
15000
43000
28000
47000
13000
484000
19000
138500
43500
10000
41500
20000
137500
29000
13500
54000
215500
19000
38000
143000
487500
27500
139500
73500
43000
26000
130500
19500
23000
77500
142500
41500
136000
263000
20500
96000
44500
14000
41000
130500
45500
40000
131500
12500
84500
103000
19000
42500
20000
44000
21000
127000
43500
36000
84000
45000
71500
403500
37500
140500
50000
19000
61500
20000
44500
38000
26000
316000
28500
44000
44000
430500
59500
20000
35000
253500
56000
25500
24500
51000
45000
12500
135500
24000
42500
34000
25500
146500
115500
142500
44000
44500
24000
21500
144000
35500
35000
44000
44000
423000
25500
40000
16500
33000
44000
27500
59500
138500
50500
33500
48500
23000
114000
47000
24500
25500
73500
59500
19500
333000
18500
16000
94500
23000
46500
45500
92500
28500
51000
46000
316000
416500
34000
10000
136000
29500
21000
258500
43500
46500
11500
32000
67500
16000
70000
40500
43500
76500
237500
81500
72500
43500
91500
27000
36500
130000
18000
50000
80500
38500
149000
36000
11000
17500
44000
57500
35000
33500
38000
24000
13500
106500
32500
44500
13000
244500
32500
29500
40000
47500
45500
326500
24500
33000
143000
19500
394500
43500
42000
38500
25000
20500
65000
142000
119000
59500
10500
32500
25500
27500
41000
12000
14500
109000
71500
14000
74000
90000
11500
43500
53500
35500
53500
12000
32500
23500
141500
50000
101500
95500
112000
13000
29000
30500
32500
113000
96500
30500
24500
30000
49000
34000
48000
66500
33000
76000
443500
26500
45000
43500
16500
48000
22000
27000
12000
41000
87000
62500
48500
36000
40500
92500
17000
41000
28000
13000
60500
22000
50000
114000
371500
118000
88000
68500
35000
415000
99000
33000
42500
494000
111000
23500
39500
14000
334000
31000
28500
262000
132000
39500
136000
44500
19000
91500
56500
36000
340500
48500
11000
37000
461500
53500
139000
232000
83000
18000
37000
28500
18000
444000
15500
96000
30500
11000
19000
80500
47500
54000
26000
459500
13000
28000
37500
48500
21000
31500
229000
49000
21500
486500
145500
45500
214000
40500
49000
50000
47500
24000
81500
438500
10500
81500
63500
44500
23000
46500
41500
37000
67500
488500
13500
40000
29000
48500
150000
29500
26500
30500
84500
55000
33500
46500
122000
32000
97000
11000
252500
110000
76000
31500
25500
30000
11500
122500
103500
93500
41500
42500
37000
41500
140500
20500
33000
27500
47000
117500
59000
88000
17000
12500
125000
50000
65000
91500
33500
10000
19000
80000
28500
20500
25500
33000
148000
16000
17000
94000
129000
232500
46000
44500
44500
20000
47000
87000
15500
363500
21500
19000
134000
135000
14000
491500
17000
39500
47000
113000
44000
18500
215000
37500
91000
34000
87000
115000
198500
12000
18000
19000
35000
38500
96000
24500
13500
147500
23500
25500
466000
42500
103000
334500
28000
33000
39500
14000
26500
29500
30500
210000
20000
349500
19000
26000
37500
64000
13000
74500
23000
125000
27500
310000
102500
12500
19000
42500
115500
126500
53000
22500
34500
137000
39000
74500
16000
10000
44500
341500
146000
47000
45000
38000
106000
81500
34000
26000
160500
31500
36000
77500
34000
62500
82000
22000
28500
47000
133000
49000
26500
19000
362500
499000
43000
21000
67000
66500
36000
417500
18000
38500
49500
12500
10500
16000
115000
26000
42000
42000
87000
76000
245000
22500
16000
59500
146500
120500
44000
465000
16000
99500
35500
65000
54000
117500
11000
37000
112000
49000
68500
25500
26500
17000
11000
46500
242000
34500
37000
40500
14000
17000
406000
58500
68000
12500
79000
44500
12000
60000
49500
37000
44000
80000
26500
25000
338000
23000
35000
33000
406000
412000
22000
19500
115500
119000
125000
45500
26500
88000
11000
21500
33500
20000
21000
70000
46000
378000
16500
42000
25500
29500
45000
22500
34000
35500
33500
393500
21500
31000
11000
125000
106500
10500
26000
33000
426500
56000
67000
48500
21000
123000
50000
121000
30000
32500
62000
41000
132000
41500
284500
31500
12000
139000
33000
41500
90000
25500
60500
199500
13500
123500
39500
18500
20500
36500
12000
150000
36500
12000
36000
10500
14000
42500
35500
13000
69000
94500
38000
42000
38500
110500
84500
132500
14500
108500
105500
99000
11500
120500
46000
86000
113000
33000
11000
12500
11500
145000
446500
321500
24000
17000
103000
129000
24000
43000
28000
91000
116000
35000
43000
45000
89000
10000
139500
21000
28500
21500
38500
27000
107000
39500
18500
128500
86000
37000
340500
16000
24500
34000
80000
18500
189000
20000
136000
20500
49500
88000
43000
16000
42000
23500
51000
32000
118000
40500
46000
44500
25000
48500
19000
28500
25500
15500
31500
61500
19500
73000
15000
106500
16500
118500
12500
54000
56000
89500
298500
21000
26000
38000
36000
25000
37000
141000
57000
27500
113000
117500
76500
22000
410000
33500
27000
88500
30000
29500
29500
13500
73000
26500
44000
74000
49500
11500
32000
20500
26500
50000
21500
54000
61000
32000
331000
291500
40500
15000
54500
36500
49000
39500
109000
28500
35000
33500
20000
45500
16500
93000
16000
78000
44000
21500
340000
33500
47500
78500
139000
33500
115000
38500
10500
27500
147000
12500
42000
106000
35000
126000
81000
31000
46000
364500
35500
34500
74500
27500
24500
43500
87500
338500
145500
185500
13000
34500
42000
346500
38500
31000
283000
48500
45000
469500
38500
149000
25000
117500
45000
20500
98500
45000
38500
137000
35000
330000
19500
12500
75000
404000
44500
23500
45000
30500
78500
411500
66500
21000
134500
63500
140500
29500
39000
296500
32000
40000
49000
50000
13000
10500
44500
18000
33500
48500
27000
11000
33500
48500
22000
41500
40000
21500
24500
15000
23500
55000
30500
47000
11000
56000
35000
75000
15000
15500
69500
48500
50000
458500
87500
48500
15500
25500
77500
100000
332500
21000
112000
42000
83500
25500
39000
36500
265500
56000
33000
29000
36500
47500
126000
351000
120500
138000
28000
35000
120500
13500
24500
308500
33000
65000
123000
124500
122500
12000
48000
26000
28000
42500
21500
140500
39000
30500
48000
40500
41500
95000
29000
135000
224000
21500
481500
91500
74500
11000
306000
108500
20000
12000
71000
31000
68500
33500
47000
135000
138500
45500
31000
45500
24000
43000
37000
14000
45000
26500
448500
41500
97000
92000
142500
36000
82000
45500
22500
25500
109500
29000
28000
65000
83000
42000
23000
25000
287000
26000
11500
37000
139000
36500
19500
10500
84500
27000
43000
23500
31500
364500
43500
308500
82000
76500
110000
29500
30500
152000
47000
94000
49000
289500
34000
341500
48500
22000
28000
33500
41000
24000
24000
13000
359000
20500
39500
50000
297500
92000
169500
50000
23000
14000
67500
95000
11500
14500
34000
49000
105500
117000
10500
72000
42500
128000
54500
15500
34500
45000
18500
49000
20500
45000
38500
134500
36000
75000
35000
30000
38500
140000
45000
49000
21500
50000
15000
50000
16000
42000
39000
23500
32500
39500
97500
31500
81000
142000
26000
111500
37500
24500
19000
48000
114000
64000
12000
46500
41500
38500
44000
49000
41500
15000
40500
255500
37500
15500
17500
140500
21500
22500
126000
11000
47000
24000
135000
116500
63000
42500
337000
469500
16000
18500
129000
17500
13500
19000
71000
138500
16500
160000
268000
38000
26500
45500
136500
132000
17500
79500
42000
276500
19000
19000
228500
147500
335000
22500
28500
139500
32500
110000
19000
31000
39500
68500
49000
42500
131500
46000
74500
32000
27500
149500
44000
11500
78500
83000
253500
97500
91500
40500
24500
25000
27000
198000
365000
406500
181000
15500
65500
103000
301500
23500
42500
425000
45000
120000
55500
12000
46000
80000
49500
133500
116000
287000
11500
118000
34000
32500
52000
25000
360500
17000
122000
10000
77000
14500
62500
487500
27500
13000
47500
52500
27000
30000
76500
49000
14500
10500
23000
269500
122500
38500
491500
90500
134500
10000
19500
15000
118500
27000
15000
74000
143000
46500
166500
21000
118000
146000
14000
36500
63500
99000
33500
12000
44500
79000
138500
35000
45000
40500
332000
79500
41500
37500
31500
91000
15000
76500
22000
46000
170500
77500
35000
69500
48000
317500
21000
139000
112500
10500
108500
13000
16000
46000
95000
35500
38500
133000
102500
78500
132000
23000
41500
26000
104000
91500
100500
25500
32500
14000
27500
43500
22500
129000
17500
120000
13500
353000
141000
30500
26500
45000
18000
376000
19500
112500
10500
121000
235000
90000
88500
279500
44000
48000
32500
362500
37000
272000
65500
118500
13000
29500
12000
92500
11000
77000
141000
24000
12000
21500
129500
85000
21000
20000
30000
38500
36000
41000
41500
17000
325500
29500
28000
26500
40000
25000
143000
13500
78000
22500
135000
27500
49000
197500
127000
26000
149000
236500
27000
13000
105500
10000
10500
167500
78500
18000
79500
48000
20000
80500
53500
43000
30500
48500
21500
118000
119500
44000
104500
37000
53000
190000
37500
123000
25500
150000
20500
18000
31500
26000
231000
117500
101500
10500
21500
135000
30000
21500
22500
15500
124500
17500
47000
10000
36000
23500
81500
50000
118000
78500
102000
24500
42500
16000
35500
100500
423500
48000
23500
90000
121000
39000
26500
14500
35500
479000
12000
115500
135000
47500
472000
19500
50000
21500
233500
410500
43000
25500
281500
38500
125500
379500
35000
32500
134500
99500
109000
30000
123500
12000
16500
152500
29500
68000
11500
38000
41000
382500
45500
18500
17500
42500
24000
50000
112500
42000
42000
14000
23500
319500
93000
47500
13000
50000
49500
469000
11500
22500
10000
133500
23500
14500
28500
13000
45500
115500
17000
13000
69500
128000
29000
129000
134500
162500
27000
27000
32500
26500
35000
143500
104500
41000
143500
66500
312000
45500
120000
94000
21500
22500
48000
120000
10000
54500
488000
401000
39000
127500
28000
26500
26000
14500
126500
177000
136000
96000
57000
19000
35500
40000
18000
240500
144500
26000
44000
87500
113500
42500
24000
113500
161500
141500
17000
39000
34000
125000
10000
144500
48500
382500
28000
17000
44500
40500
87000
51500
106000
66000
38000
39500
20000
19500
14500
115000
212000
109000
43000
92500
69000
77500
144500
27000
52000
27500
488000
24500
21000
415500
13000
19000
50000
59000
53500
33000
124000
40500
90500
91000
116000
33000
20000
59000
34500
194000
37000
31000
46000
40500
30000
11500
94000
131500
23500
38500
433500
15500
10000
38500
17000
59500
59500
69000
118000
31000
33500
87000
457500
52500
16000
24000
38500
24500
98000
32500
44500
130000
124500
30000
31500
64500
92000
127000
35000
143500
42000
24500
39000
13500
34500
107500
496500
121500
370000
48500
10500
67000
29500
142000
112500
126500
43500
428000
48500
134500
10500
26500
32500
48500
12500
47000
35500
43000
37500
83000
26500
33500
42000
12000
94500
13500
24000
65500
126000
54000
495500
108000
33000
12000
44500
18000
18500
36000
12000
46000
20000
18000
29500
81500
276500
83500
14500
150000
11000
39000
58500
90500
336500
120500
46000
29500
379500
143000
42000
11500
92000
87000
19500
377500
29500
19500
14000
478500
28000
421000
47000
11500
68000
47000
24000
50000
33000
69000
12500
30500
21000
29500
326000
74500
112000
121500
104500
20500
47500
50000
42500
46000
43500
25000
42000
20000
432500
22500
39500
35000
24500
147500
125000
48500
37000
129500
11000
287000
26500
487500
104000
119000
118500
56000
40000
41000
35000
13500
85500
437000
49500
394000
254000
150000
140500
35000
99000
107000
43000
22500
61000
64000
35000
24000
41000
43000
142000
55500
72000
393500
35500
16000
19500
10500
284500
31500
49500
10500
88500
100000
29000
11500
268500
45000
39000
97500
354500
31500
13000
50000
32000
16500
23500
20500
45500
476000
178000
39000
16000
134000
108500
494000
51000
19500
49500
148500
11000
58000
140500
139500
19000
28500
29500
24000
28500
138500
453000
35000
22500
31500
137000
41000
115000
35000
38500
30000
98500
32500
80500
15500
26500
148000
20000
19500
27000
170000
13500
80500
43500
13000
400500
37500
37000
24000
28000
17000
115500
17000
20500
18000
12500
122500
20500
138500
27500
23000
50000
143500
51500
16500
23500
149000
335500
36000
41000
407000
50000
29500
84500
311000
303000
163500
304000
18500
65500
25500
48000
40500
44000
39500
43500
143500
90000
15500
42500
107500
50000
36000
37000
48500
44500
37500
321000
212000
40000
276500
33500
38000
415000
36000
23000
30000
32500
296000
10000
107500
26500
31500
44500
34500
20000
47500
53000
50000
23500
13500
12000
48000
16000
31500
12000
23000
31500
30500
16500
39000
23500
25000
11500
28000
416000
18000
45000
41500
16500
53000
102500
154000
122000
259000
26000
83500
33000
29000
397000
105500
84000
45500
45500
34000
114000
85500
464000
101000
21500
44500
99000
20000
381500
14000
135000
36500
27000
35500
109500
15000
19000
27000
113000
31500
12000
13500
70000
71500
30000
254000
136500
42000
35000
132000
16000
41000
41000
130500
17000
34500
21500
126500
81000
17000
305000
23500
124500
10000
28000
28000
53000
25500
123000
274000
123000
39000
38000
103000
54000
22000
29000
22500
36000
25000
27500
84000
21500
105000
154000
49500
104000
34500
106500
10000
47500
36500
54500
459500
19500
43500
24000
105500
139500
46000
73500
15000
108000
50000
414500
489000
35000
44500
28500
139500
96500
384000
53500
411000
368000
17500
147000
27500
32500
11500
21500
105500
27000
33500
63500
15500
33000
51500
36000
249500
35500
147500
16500
27000
110500
28000
130500
49500
235500
70500
46500
205000
23000
133500
104500
495500
126000
81500
49000
39000
63500
34500
38500
169000
395000
38500
32000
114500
122500
114000
53000
42500
23500
27000
109000
16000
20500
120000
130500
35000
20500
29500
92000
20000
34500
20500
41000
123000
77500
13500
458000
39500
41000
113500
37500
34000
18500
430000
50000
123000
14500
358500
27000
482500
10000
64500
77500
55500
100000
39000
120500
49000
26000
97500
10000
50000
58500
46000
148500
65000
41000
21000
10500
21500
39000
391500
25500
38500
91000
24000
20000
39500
414000
26000
75000
68000
36500
55000
168500
28000
73500
80000
40500
142000
109000
25000
36000
147500
38500
120000
24500
390000
29500
41000
46500
36000
136500
140500
49000
29000
145000
104500
21000
143000
180500
18500
15500
136000
39500
11500
17500
23500
22500
17000
449000
23000
17500
142500
21500
110000
24500
93500
150000
19000
21500
135000
84500
49000
193000
60500
88500
14000
331500
59500
29000
308500
169000
27000
108500
221500
487500
46500
15000
242000
22000
366500
147000
98500
23000
432500
384500
62000
41500
83000
43000
41500
56500
30500
228000
44500
98000
18500
43000
27000
63500
104500
30500
44000
13500
26500
58500
70000
30000
129500
36000
25500
140000
43500
392000
40500
62500
47000
14500
83500
10500
46000
24500
31500
75500
121000
44500
138500
50000
35500
48000
37000
30000
12500
12500
21500
14500
19000
34000
34000
23000
76500
42000
57500
94000
13500
50500
125500
107000
12500
285000
58500
49000
20500
28500
19000
54500
10000
35500
42000
33000
90500
40500
31000
18500
77500
11500
36500
36000
17500
11000
47500
81000
16000
40000
23500
93000
434500
108500
12000
15000
37500
96500
17500
15000
433500
18500
53000
66000
42500
10000
97500
65000
49000
55000
23000
39500
456000
23500
31000
29000
80500
129000
27000
37500
23000
126500
10000
60000
41500
81000
36500
133500
49500
15500
27500
18500
50000
33500
44500
19500
67500
48000
33000
48000
134000
33000
43000
243500
44000
62000
122000
154000
45500
32500
24000
26500
25500
42500
41500
49000
29500
41000
65000
12500
49000
76000
26500
12500
268500
14000
10000
25000
39500
19500
78000
11500
57000
12500
34500
48500
230000
50000
31500
39000
56000
480500
391500
21500
209500
29000
290000
23000
47000
34000
33000
463500
142000
31500
306500
30000
26000
22000
409000
359000
11000
91500
84000
19000
42500
35000
18500
47000
50000
35000
53500
13500
79000
16000
20000
60500
91000
38500
13000
40000
59500
18500
106500
14500
25500
11000
48500
20000
102500
23500
154000
41500
20500
20000
35500
46500
21500
23500
49500
43000
40000
37500
48000
49500
57500
101500
82000
445500
29000
23000
16000
19500
12000
34000
12000
27500
16500
86500
77500
310000
73000
90500
49500
21500
29500
37000
25000
19000
29500
41000
91500
457000
28500
18500
16000
34500
397500
40000
145500
23000
46000
470000
38500
120500
99000
72000
12000
97000
72000
37000
122500
79500
35500
44500
60000
30500
354000
209500
13000
97500
27500
41000
43000
21500
40500
30000
34500
10000
52000
338500
31500
15000
100500
487500
16000
14000
38000
21000
97000
24000
350000
40500
386500
10500
445500
50000
22500
50500
48000
97000
465500
18500
53500
46500
50500
343500
16000
135000
103000
22500
155000
48500
22000
47000
15000
238500
81000
25500
13000
35000
112000
27500
42000
192000
127000
16500
26500
44000
74500
217500
51000
17000
148500
113500
116000
147000
41500
146000
277500
83000
15000
69000
31500
48500
27000
344000
14500
324500
44500
71500
24000
19000
30500
46000
29000
87000
101000
94000
106000
34500
73500
81500
37500
144000
100500
16000
47000
105000
13000
458000
139000
487500
35000
27500
104500
37000
376000
44500
103000
39000
139500
59000
119000
127500
34500
31500
25000
86000
27500
11000
36500
37000
19000
46500
14000
17000
26000
24500
15500
23500
25500
18000
87500
10500
15500
22500
464000
27000
92500
42000
47000
38500
48000
88000
23000
43000
76500
19500
31500
18000
109000
21500
294500
32000
27000
353500
54000
48000
39500
39500
38000
28000
43000
35000
308500
18500
73000
46500
97000
30500
69500
460000
46500
289000
41500
270500
135500
145000
45500
73000
157500
129000
82000
79000
49000
47000
48000
23000
15500
126500
95000
138500
92000
46000
127500
16000
28000
100000
39500
97000
107500
11000
148500
33000
76500
63000
54500
141500
12500
25500
20500
21500
39500
61000
44500
126000
11500
18500
12500
28000
119500
39500
19000
26500
23500
38500
29500
37000
32000
496000
28000
127500
94000
49000
20500
130000
47500
42500
149000
488000
22500
61000
49500
65000
150000
36500
42000
118000
43000
63500
34000
145000
35000
43500
29000
27000
10500
45500
43500
11500
56500
142500
144000
250500
37500
48000
194500
30000
50000
91000
118500
85500
41000
165000
18000
12500
109000
32500
45000
117000
43000
485500
274500
17500
10000
25500
137500
365000
17500
144500
100500
142000
133000
38000
34500
134500
13500
24500
19500
131500
41000
43000
31000
12500
210500
138500
44000
35000
49000
38000
18500
14000
43000
63500
100500
136000
11000
36500
95000
13500
20500
42000
139000
44500
34000
24500
49500
23000
21000
124500
88500
11000
128000
19500
477500
38000
127500
26000
21500
468500
247500
15000
157000
21000
134500
264500
17000
126500
11500
387500
39500
138000
112500
12000
115500
149500
102500
479500
450500
32000
12000
17000
94500
79500
20000
22000
224500
124500
48000
32000
24000
141000
24500
21000
71000
136500
41500
45000
14000
116500
47000
31500
30500
31000
36000
115000
112500
14500
34000
25000
19500
60500
94500
54000
40000
44500
20500
21500
22500
147000
86500
30500
38500
27000
99000
21000
62000
20000
48000
33500
26000
54000
92000
415500
21000
14500
19500
15000
21500
147500
44000
65500
302500
103000
113500
137000
49500
111000
38500
10500
432000
15000
10500
12500
109500
83500
34000
316000
15000
198000
266000
467000
10500
49500
44000
128500
10500
13500
18000
492500
34500
146000
443500
43000
14500
49000
24000
213500
40500
17000
31500
49500
40500
120500
118000
42500
25000
31000
67000
56000
27500
270500
37000
27500
34000
42500
144000
399500
65000
29500
24000
381000
82500
78500
21500
144500
146500
33500
41000
27500
31000
61000
12500
32000
38500
304500
23500
140000
22000
23000
26500
27000
39500
39500
41000
25000
32500
18500
72500
12500
115500
11500
102500
40000
41000
37000
15000
149500
33500
67500
46500
148500
27000
73500
19000
24000
25500
15500
19000
30500
88500
33500
130000
53000
39500
16000
43500
37000
12500
40500
30500
21000
96500
22500
117500
122000
172000
42000
473000
497000
94000
40000
20500
34500
116500
158000
145000
40500
101000
48000
463500
103500
10000
95000
37500
78000
14000
10000
10000
12500
43000
207500
39500
54000
47500
17000
40000
39000
41000
107500
365500
284500
46000
23500
33000
10500
71500
72000
40000
27000
10500
16000
49000
37500
18000
26000
69000
27500
81000
496500
96000
99500
125000
286000
21000
29000
55000
40000
95000
114500
28500
20000
296000
97500
18500
34000
323500
66000
82000
32000
25000
478000
26000
24500
108000
109500
39000
16500
27000
96500
22000
35500
20000
50000
424500
38000
41000
249000
10000
366000
28000
46000
145000
15000
29000
395000
48500
25000
41000
12000
121500
47500
58500
27500
16000
18500
30000
267500
17000
86000
37500
50000
29500
44000
119500
148000
133000
140000
44500
45000
84500
40500
21000
24000
44000
49000
63500
448500
68000
43500
39500
43000
11000
28500
42000
61000
74500
492000
27000
19500
119500
72500
40000
126500
82000
44500
58500
24500
158500
28000
26000
13500
145000
44000
234500
34000
50000
13000
30000
148500
20500
17500
40000
16000
42500
45500
22000
60000
37000
57500
46500
31500
127000
32500
12500
220500
384500
106500
19000
34500
146500
26000
258000
94500
53500
148000
144500
36000
138000
96000
436500
34500
42500
21500
102000
17000
25500
22000
43500
37500
117500
27500
82500
113000
23000
22500
140500
103000
56000
91000
22000
267000
33500
48000
34000
67500
41500
46000
75500
38500
46500
23500
180000
74000
13000
52000
27500
320500
24500
19500
149000
50000
22000
21000
307000
67000
131000
134000
70500
111500
40000
25000
31500
86000
39500
131500
147000
134500
35500
12000
84500
59000
40500
15000
61500
10000
44000
53000
20500
37500
15500
34000
14000
69500
32000
13500
65500
25000
424000
216500
29500
27000
35500
499500
85500
18000
44000
22000
22500
284500
341500
58000
45000
118000
69000
25000
11500
18500
336000
32500
11000
140500
55000
25000
14500
11500
50000
17000
463500
20000
79000
55000
367500
60500
20500
113500
35500
140500
197500
24500
45000
19000
372500
36000
32500
22000
95500
21000
13500
123000
96500
143500
33000
136000
83500
26000
41000
12000
74500
68500
19500
19500
27500
23000
42500
410500
473500
25000
31000
32500
172000
26000
44500
49500
44000
90000
43500
91000
364500
14000
23000
10500
43000
10500
24500
90000
24500
104000
15000
17500
97000
24000
19500
163500
219000
46500
31500
42000
145500
96500
378500
41000
64000
22500
100000
24000
91000
43000
43000
157000
26000
44500
130000
46000
10000
485500
38500
58000
200000
298000
141000
341000
384000
29500
32000
22500
261000
23000
49500
22000
15000
27000
94000
61000
12000
125500
142500
34000
115000
40000
22000
490000
41000
34500
33500
48000
111000
17000
38000
476500
17500
13000
419500
22000
11000
125500
163500
46000
28500
100000
376500
34000
44500
47000
49500
181000
126500
23500
116000
16000
34500
108500
132500
16000
388500
11500
22000
90000
15500
44500
99500
140500
104500
105000
95500
138000
82000
398000
48500
48000
22500
37000
16000
27000
105000
297500
130500
95000
11000
28000
178500
102500
41000
20000
31500
37000
22000
134000
13000
37000
115000
309000
62000
48000
38500
15500
67500
47500
57000
500000
20500
239500
106500
40500
19000
110500
326500
137500
14000
25500
11500
26000
122000
46000
20000
120500
21500
13000
396000
27000
19500
25500
23500
29500
42500
64000
26000
364000
22000
70000
42000
97500
290500
132500
38500
14500
38000
390500
38500
28000
69500
40000
108500
410500
41500
36000
395500
306000
43500
414000
31000
437000
498500
136000
349500
33500
47000
46500
12500
45000
17500
27500
14500
47500
29500
42500
82000
43000
18500
109000
125500
210000
477000
147000
11500
45500
34000
145500
49500
133000
24000
213500
34500
348500
366500
40500
43500
37500
55000
137000
35500
26500
29500
300500
17000
120000
406000
20500
39500
113500
18500
46000
22000
339500
30000
115000
14000
29000
16000
130500
39500
87000
48500
29000
108000
299500
27500
196000
138500
46500
35000
25000
244000
33500
78500
37000
144500
19000
18000
42000
21500
45000
108500
52000
27000
30500
27500
42500
85500
23500
23500
150000
21500
53500
237500
44500
105000
42500
44000
46000
41500
90500
47000
32000
207500
48500
17000
61500
25500
91500
24500
117000
19500
138000
11500
13000
43000
53500
22500
144000
42000
95000
14000
88000
43500
38500
32500
103000
104500
43500
41500
37500
13000
20000
94500
40500
72000
12500
12500
120000
64000
43500
353500
86000
42500
39000
44500
129500
44000
17000
33500
10000
22500
37000
129500
51500
29500
26000
10000
66500
133500
39000
331000
139000
84500
19500
41000
28000
33000
37500
